torsions:
=========
    { 39, 39, 29, 58, -0.01184, 0.0, -6.0, 1.2, 2.0 },
    { 39, 39, 29, 58, -0.02974, 0.0, -5.0, 1.2, 2.0 },
    { 39, 39, 29, 58, -0.11535, 0.0, -4.0, 1.2, 2.0 },
    { 39, 39, 29, 58, 0.10642, 0.81093, -3.0, 1.2, 2.0 },
    { 39, 39, 29, 58, -0.70075, -10.51754, -2.0, 1.2, 2.0 },
    { 39, 39, 29, 58, 0.19389, 12.35042, 1.0, 1.2, 2.0 },
    { 39, 39, 58, 29, -0.06722, 0.0, -6.0, 1.2, 2.0 },
    { 39, 39, 58, 29, 0.07683, 0.0, -5.0, 1.2, 2.0 },
    { 39, 39, 58, 29, -0.09777, 0.0, -4.0, 1.2, 2.0 },
    { 39, 39, 58, 29, 0.02415, -13.1181, -3.0, 1.2, 2.0 },
    { 39, 39, 58, 29, 0.65662, -70.04881, -2.0, 1.2, 2.0 },
    { 39, 39, 58, 29, -0.44504, -12.98507, 1.0, 1.2, 2.0 },
    { 58, 39, 29, 58, -0.00137, 0.0, -6.0, 1.2, 2.0 },
    { 58, 39, 29, 58, -0.09892, 0.0, -5.0, 1.2, 2.0 },
    { 58, 39, 29, 58, -0.00451, 0.0, -4.0, 1.2, 2.0 },
    { 58, 39, 29, 58, 0.22257, 138.00547, -3.0, 1.2, 2.0 },
    { 58, 39, 29, 58, 1.71905, 179.1748, -2.0, 1.2, 2.0 },
    { 58, 39, 29, 58, 0.38093, 200.89752, 1.0, 1.2, 2.0 },
    { 29, 58, 39, 29, 0.06991, 0.0, -6.0, 1.2, 2.0 },
    { 29, 58, 39, 29, -0.09075, 0.0, -5.0, 1.2, 2.0 },
    { 29, 58, 39, 29, -0.07618, 0.0, -4.0, 1.2, 2.0 },
    { 29, 58, 39, 29, -0.12507, 11.81714, -3.0, 1.2, 2.0 },
    { 29, 58, 39, 29, 0.28798, 35.58886, -2.0, 1.2, 2.0 },
    { 29, 58, 39, 29, 0.13452, -0.58651, 1.0, 1.2, 2.0 },
    { 46, 35, 68, -1, 0.0, 180.0, 2.0, 1.2, 2.0 },
    { 48, 35, 68, -1, 0.0, 180.0, 2.0, 1.2, 2.0 },
    { 35, 35, 68, -1, 0.0, 180.0, 2.0, 1.2, 2.0 },
    { 39, 39, 68, -1, 0.0, 0.0, 3.0, 1.2, 2.0 },
    { 45, 39, 68, -1, 0.0, 0.0, 3.0, 1.2, 2.0 },
    { 44, 39, 68, -1, 0.0, 0.0, 3.0, 1.2, 2.0 },
    { 39, 39, 67, -1, 0.0, 0.0, 3.0, 1.2, 2.0 },
    { 44, 39, 67, -1, 0.0, 0.0, 3.0, 1.2, 2.0 },
    { 65, 29, 58, -1, 0.0, 180.0, 2.0, 1.2, 2.0 },
    { 39, 29, 58, -1, 0.0, 180.0, 2.0, 1.2, 2.0 },
    { 39, 39, -1, -1, 0.0, 0.0, 3.0, 1.2, 2.0 },
    { 44, 39, -1, -1, 0.0, 0.0, 3.0, 1.2, 2.0 },
    { 49, 39, 39, -1, 0.0, 0.0, -3.0, 1.2, 2.0 },
    { 49, 39, 39, -1, 0.55, 0.0, 1.0, 1.2, 2.0 },
    { 49, 39, 39, -1, 0.0, 0.0, -3.0, 1.2, 2.0 },
    { 49, 39, 39, -1, 0.25, 0.0, 1.0, 1.2, 2.0 },
    { 49, 39, 39, -1, 0.0, 0.0, -3.0, 1.2, 2.0 },
    { 49, 39, 39, -1, 0.19, 0.0, 1.0, 1.2, 2.0 },
    { 49, 39, 39, 67, 0.0, 0.0, -3.0, 1.2, 2.0 },
    { 49, 39, 39, 67, 0.22915, 0.12029, 1.0, 1.2, 2.0 },
    { 49, 39, 39, 68, 0.0, 0.0, -3.0, 1.2, 2.0 },
    { 49, 39, 39, 68, 0.25, 0.0, 1.0, 1.2, 2.0 },
    { 44, 39, 39, -1, 0.0, 0.0, -3.0, 1.2, 2.0 },
    { 44, 39, 39, -1, 0.55, 0.0, 1.0, 1.2, 2.0 },
    { 44, 39, 39, -1, 0.0, 0.0, -3.0, 1.2, 2.0 },
    { 44, 39, 39, -1, 0.25, 0.0, 1.0, 1.2, 2.0 },
    { 44, 39, 39, -1, 0.0, 0.0, -3.0, 1.2, 2.0 },
    { 44, 39, 39, -1, 0.19, 0.0, 1.0, 1.2, 2.0 },
    { 44, 39, 39, 67, 0.0, 0.0, -3.0, 1.2, 2.0 },
    { 44, 39, 39, 67, 0.72834, 36.55068, 1.0, 1.2, 2.0 },
    { 44, 39, 39, 68, 0.0, 0.0, -3.0, 1.2, 2.0 },
    { 44, 39, 39, 68, 0.25, 0.0, 1.0, 1.2, 2.0 },
    { -1, 39, 39, -1, 0.0, 0.0, 3.0, 1.2, 2.0 },
    { -1, 39, 39, -1, 0.0, 0.0, -3.0, 1.2, 2.0 },
    { -1, 39, 39, -1, 0.45, 180.0, 1.0, 1.2, 2.0 },
    { -1, 39, 39, -1, 0.0, 0.0, -3.0, 1.2, 2.0 },
    { -1, 39, 39, -1, 1.2, 180.0, 1.0, 1.2, 2.0 },
    { 67, 39, 39, 67, 0.144, 0.0, -3.0, 1.2, 2.0 },
    { 67, 39, 39, 67, 1.175, 0.0, 2.0, 1.2, 2.0 },
    { 68, 39, 39, 67, 0.144, 0.0, -3.0, 1.2, 2.0 },
    { 68, 39, 39, 67, 1.175, 0.0, 2.0, 1.2, 2.0 },
    { 68, 39, 39, 68, 0.144, 0.0, -3.0, 1.2, 2.0 },
    { 68, 39, 39, 68, 1.175, 0.0, 2.0, 1.2, 2.0 },
    { 68, 39, 59, 35, 2.5, 0.0, 1.0, 1.2, 2.0 },
    { 68, 39, 59, 34, 2.5, 0.0, 1.0, 1.2, 2.0 },
    { 65, 29, 68, 39, 2.7, 180.0, -2.0, 1.2, 2.0 },
    { 65, 29, 68, 39, 1.4, 180.0, 1.0, 1.2, 2.0 },
    { 39, -1, -1, -1, 0.0, 0.0, 1.0, 1.2, 2.0 },
    { 39, 68, 39, 59, 0.383, 0.0, -3.0, 1.2, 2.0 },
    { 39, 68, 39, 59, 0.65, 0.0, 2.0, 1.2, 2.0 },
    { 39, 68, 39, 68, 0.1, 0.0, -3.0, 1.2, 2.0 },
    { 39, 68, 39, 68, 0.85, 180.0, -2.0, 1.2, 2.0 },
    { 39, 68, 39, 68, 1.35, 180.0, 1.0, 1.2, 2.0 },
    { 39, 39, 68, 29, 0.383, 0.0, -3.0, 1.2, 2.0 },
    { 39, 39, 68, 29, 0.8, 180.0, 1.0, 1.2, 2.0 },
    { 39, 39, 68, 39, 0.383, 0.0, -3.0, 1.2, 2.0 },
    { 39, 39, 68, 39, 0.1, 180.0, 2.0, 1.2, 2.0 },
    { 39, 39, -1, 39, 0.3, 0.0, -3.0, 1.2, 2.0 },
    { 39, 39, -1, 39, 0.48, 180.0, 2.0, 1.2, 2.0 },
    { 39, 39, 39, 39, 0.4958, -2.43912, -3.0, 1.2, 2.0 },
    { 39, 39, 39, 39, 0.14215, 183.43549, -2.0, 1.2, 2.0 },
    { 39, 39, 39, 39, 0.1997, 168.30905, 1.0, 1.2, 2.0 },
    { 39, 35, 35, 39, 6.65, 180.0, -2.0, 1.2, 2.0 },
    { 39, 35, 35, 39, 1.9, 180.0, 1.0, 1.2, 2.0 },
    { 35, 35, 29, 65, 0.3, 0.0, -3.0, 1.2, 2.0 },
    { 35, 35, 29, 65, 2.175, 180.0, 2.0, 1.2, 2.0 },
    { 50, 67, 29, 65, 2.28641, 163.41068, -2.0, 1.2, 2.0 },
    { 50, 67, 29, 65, 1.84763, 1.24912, 1.0, 1.2, 2.0 },
    { 50, 67, 39, 39, 0.16, 0.0, -3.0, 1.2, 2.0 },
    { 50, 67, 39, 39, 0.25, 0.0, 1.0, 1.2, 2.0 },
    { 49, 39, 35, 35, 0.38, 180.0, -3.0, 1.2, 2.0 },
    { 49, 39, 35, 35, 1.15, 0.0, 1.0, 1.2, 2.0 },
    { 49, 39, 39, 39, 0.14796, 5.26209, 3.0, 1.2, 2.0 },
    { 49, 39, 39, 49, 0.16278, -18.5193, 3.0, 1.2, 2.0 },
    { 49, 39, 29, 65, -0.02665, 160.56772, -3.0, 1.2, 2.0 },
    { 49, 39, 29, 65, 0.88962, -3.56908, 1.0, 1.2, 2.0 },
    { 44, 39, 29, 65, -0.01122, 180.83857, -3.0, 1.2, 2.0 },
    { 44, 39, 29, 65, 0.34682, 38.27262, 1.0, 1.2, 2.0 },
    { 68, 69, 68, 39, 0.25, 0.0, -3.0, 1.2, 2.0 },
    { 68, 69, 68, 39, 1.2, 0.0, 2.0, 1.2, 2.0 },
    { 67, 69, 68, 39, 0.25, 0.0, -3.0, 1.2, 2.0 },
    { 67, 69, 68, 39, 1.2, 0.0, 2.0, 1.2, 2.0 },
    { 39, 71, 71, 39, 0.6, 0.0, -3.0, 1.2, 2.0 },
    { 39, 71, 71, 39, 3.5, 0.0, 2.0, 1.2, 2.0 },
    { 43, 58, 29, 65, 1.54597, 189.98526, -2.0, 1.2, 2.0 },
    { 43, 58, 29, 65, 1.54371, -12.13489, 1.0, 1.2, 2.0 },
    { -1, 68, 69, -1, 0.25, 0.0, 3.0, 1.2, 2.0 },
    { -1, 67, 69, -1, 0.25, 0.0, 3.0, 1.2, 2.0 },
    { -1, 41, 62, -1, 1.49832, 195.14597, 2.0, 1.2, 2.0 },
    { -1, 40, 63, -1, 2.41055, 178.47946, 2.0, 1.2, 2.0 },
    { -1, 38, 63, -1, 5.02465, 175.12669, 2.0, 1.2, 2.0 },
    { -1, 38, 62, -1, 2.47285, 202.06099, 2.0, 1.2, 2.0 },
    { -1, 30, 41, -1, 6.38343, 182.69825, 2.0, 1.2, 2.0 },
    { -1, 30, 32, -1, 1.60359, 183.15683, 2.0, 1.2, 2.0 },
    { -1, 39, 72, -1, 0.37611, 0.94733, 3.0, 1.2, 2.0 },
    { -1, 39, 71, -1, 0.20354, 5.44856, 3.0, 1.2, 2.0 },
    { -1, 39, 68, -1, 0.38333, 0.0, 3.0, 1.2, 2.0 },
    { -1, 39, 67, -1, 0.39226, -1.28609, 3.0, 1.2, 2.0 },
    { -1, 39, 61, -1, 0.19337, 4.95694, 3.0, 1.2, 2.0 },
    { -1, 39, -1, -1, 0.3, 0.0, 3.0, 1.2, 2.0 },
    { -1, 39, 39, -1, 0.17935, 3.79679, 3.0, 1.2, 2.0 },
    { -1, 37, 64, -1, 6.8, 180.0, 2.0, 1.2, 2.0 },
    { -1, 36, 62, -1, 1.4996, 190.9132, 2.0, 1.2, 2.0 },
    { -1, 35, 68, -1, 1.05, 180.0, 2.0, 1.2, 2.0 },
    { -1, 35, 59, -1, 1.85, 180.0, 2.0, 1.2, 2.0 },
    { -1, 35, 35, -1, 6.65, 180.0, 2.0, 1.2, 2.0 },
    { -1, 34, 63, -1, 10.0, 180.0, 2.0, 1.2, 2.0 },
    { -1, 34, 59, -1, 1.7, 180.0, 2.0, 1.2, 2.0 },
    { -1, -1, 35, -1, 6.65, 180.0, 2.0, 1.2, 2.0 },
    { -1, -1, -1, -1, 1.0, 180.0, 2.0, 1.2, 2.0 },
    { -1, 33, 63, -1, 2.42891, 165.62576, 2.0, 1.2, 2.0 },
    { -1, 33, 62, -1, 1.80425, 186.11929, 2.0, 1.2, 2.0 },
    { -1, 33, 41, -1, 5.52361, 167.71666, 2.0, 1.2, 2.0 },
    { -1, 33, 40, -1, 5.12387, 168.30351, 2.0, 1.2, 2.0 },
    { -1, 32, 64, -1, 4.15, 180.0, 2.0, 1.2, 2.0 },
    { -1, 32, 63, -1, 2.55, 180.0, 2.0, 1.2, 2.0 },
    { -1, 32, 59, -1, 1.65, 180.0, 2.0, 1.2, 2.0 },
    { -1, 32, 36, -1, 3.03935, 188.29035, 2.0, 1.2, 2.0 },
    { -1, 32, 32, -1, 5.45, 180.0, 2.0, 1.2, 2.0 },
    { -1, 31, 67, -1, 0.9, 180.0, 2.0, 1.2, 2.0 },
    { -1, 31, 64, -1, 4.8, 180.0, 2.0, 1.2, 2.0 },
    { -1, 31, 62, -1, 1.5, 180.0, 2.0, 1.2, 2.0 },
    { -1, 31, 60, -1, 1.70322, 187.57404, 2.0, 1.2, 2.0 },
    { -1, 31, 36, -1, 3.6179, 176.97, 2.0, 1.2, 2.0 },
    { -1, 31, 35, -1, 2.55, 180.0, 2.0, 1.2, 2.0 },
    { -1, 31, 32, -1, 3.50241, 174.97344, 2.0, 1.2, 2.0 },
    { -1, 31, 31, -1, 3.18247, 182.53922, 2.0, 1.2, 2.0 },
    { -1, 29, 68, -1, 2.7, 180.0, 2.0, 1.2, 2.0 },
    { -1, 29, 67, -1, 2.18144, 181.91269, 2.0, 1.2, 2.0 },
    { -1, 29, 65, -1, 2.8, 180.0, 2.0, 1.2, 2.0 },
    { -1, 29, 64, -1, 4.0, 180.0, 2.0, 1.2, 2.0 },
    { -1, 29, 62, -1, 1.35, 180.0, 2.0, 1.2, 2.0 },
    { -1, 29, 59, -1, 1.45, 180.0, 2.0, 1.2, 2.0 },
    { -1, 29, 58, -1, 1.86422, 181.5121, 2.0, 1.2, 2.0 },
    { -1, 29, 35, -1, 2.175, 180.0, 2.0, 1.2, 2.0 },
    { -1, 29, 32, -1, 3.0, 180.0, 2.0, 1.2, 2.0 },
    { -1, 29, 31, -1, 3.58712, 177.20947, 2.0, 1.2, 2.0 },
    { -1, 29, 29, -1, 3.625, 180.0, 2.0, 1.2, 2.0 },
    { 14, 39, 29, 58, -0.01184, 0.0, -6.0, 1.2, 2.0 },
    { 14, 39, 29, 58, -0.02974, 0.0, -5.0, 1.2, 2.0 },
    { 14, 39, 29, 58, -0.11535, 0.0, -4.0, 1.2, 2.0 },
    { 14, 39, 29, 58, 0.10642, 0.81093, -3.0, 1.2, 2.0 },
    { 14, 39, 29, 58, -0.70075, -10.51754, -2.0, 1.2, 2.0 },
    { 14, 39, 29, 58, 0.19389, 12.35042, 1.0, 1.2, 2.0 },
    { 21, 39, 29, 58, -0.01184, 0.0, -6.0, 1.2, 2.0 },
    { 21, 39, 29, 58, -0.02974, 0.0, -5.0, 1.2, 2.0 },
    { 21, 39, 29, 58, -0.11535, 0.0, -4.0, 1.2, 2.0 },
    { 21, 39, 29, 58, 0.10642, 0.81093, -3.0, 1.2, 2.0 },
    { 21, 39, 29, 58, -0.70075, -10.51754, -2.0, 1.2, 2.0 },
    { 21, 39, 29, 58, 0.19389, 12.35042, 1.0, 1.2, 2.0 },
    { 11, 39, 29, 58, -0.01184, 0.0, -6.0, 1.2, 2.0 },
    { 11, 39, 29, 58, -0.02974, 0.0, -5.0, 1.2, 2.0 },
    { 11, 39, 29, 58, -0.11535, 0.0, -4.0, 1.2, 2.0 },
    { 11, 39, 29, 58, 0.10642, 0.81093, -3.0, 1.2, 2.0 },
    { 11, 39, 29, 58, -0.70075, -10.51754, -2.0, 1.2, 2.0 },
    { 11, 39, 29, 58, 0.19389, 12.35042, 1.0, 1.2, 2.0 },
    { 2, 39, 29, 58, -0.01184, 0.0, -6.0, 1.2, 2.0 },
    { 2, 39, 29, 58, -0.02974, 0.0, -5.0, 1.2, 2.0 },
    { 2, 39, 29, 58, -0.11535, 0.0, -4.0, 1.2, 2.0 },
    { 2, 39, 29, 58, 0.10642, 0.81093, -3.0, 1.2, 2.0 },
    { 2, 39, 29, 58, -0.70075, -10.51754, -2.0, 1.2, 2.0 },
    { 2, 39, 29, 58, 0.19389, 12.35042, 1.0, 1.2, 2.0 },
    { 1, 39, 29, 58, -0.01184, 0.0, -6.0, 1.2, 2.0 },
    { 1, 39, 29, 58, -0.02974, 0.0, -5.0, 1.2, 2.0 },
    { 1, 39, 29, 58, -0.11535, 0.0, -4.0, 1.2, 2.0 },
    { 1, 39, 29, 58, 0.10642, 0.81093, -3.0, 1.2, 2.0 },
    { 1, 39, 29, 58, -0.70075, -10.51754, -2.0, 1.2, 2.0 },
    { 1, 39, 29, 58, 0.19389, 12.35042, 1.0, 1.2, 2.0 },
    { 13, 27, 29, 58, -0.01184, 0.0, -6.0, 1.2, 2.0 },
    { 13, 27, 29, 58, -0.02974, 0.0, -5.0, 1.2, 2.0 },
    { 13, 27, 29, 58, -0.11535, 0.0, -4.0, 1.2, 2.0 },
    { 13, 27, 29, 58, 0.10642, 0.81093, -3.0, 1.2, 2.0 },
    { 13, 27, 29, 58, -0.70075, -10.51754, -2.0, 1.2, 2.0 },
    { 13, 27, 29, 58, 0.19389, 12.35042, 1.0, 1.2, 2.0 },
    { 13, 39, 29, 58, -0.01184, 0.0, -6.0, 1.2, 2.0 },
    { 13, 39, 29, 58, -0.02974, 0.0, -5.0, 1.2, 2.0 },
    { 13, 39, 29, 58, -0.11535, 0.0, -4.0, 1.2, 2.0 },
    { 13, 39, 29, 58, 0.10642, 0.81093, -3.0, 1.2, 2.0 },
    { 13, 39, 29, 58, -0.70075, -10.51754, -2.0, 1.2, 2.0 },
    { 13, 39, 29, 58, 0.19389, 12.35042, 1.0, 1.2, 2.0 },
    { 3, 39, 29, 58, -0.01184, 0.0, -6.0, 1.2, 2.0 },
    { 3, 39, 29, 58, -0.02974, 0.0, -5.0, 1.2, 2.0 },
    { 3, 39, 29, 58, -0.11535, 0.0, -4.0, 1.2, 2.0 },
    { 3, 39, 29, 58, 0.10642, 0.81093, -3.0, 1.2, 2.0 },
    { 3, 39, 29, 58, -0.70075, -10.51754, -2.0, 1.2, 2.0 },
    { 3, 39, 29, 58, 0.19389, 12.35042, 1.0, 1.2, 2.0 },
    { 5, 39, 29, 58, -0.01184, 0.0, -6.0, 1.2, 2.0 },
    { 5, 39, 29, 58, -0.02974, 0.0, -5.0, 1.2, 2.0 },
    { 5, 39, 29, 58, -0.11535, 0.0, -4.0, 1.2, 2.0 },
    { 5, 39, 29, 58, 0.10642, 0.81093, -3.0, 1.2, 2.0 },
    { 5, 39, 29, 58, -0.70075, -10.51754, -2.0, 1.2, 2.0 },
    { 5, 39, 29, 58, 0.19389, 12.35042, 1.0, 1.2, 2.0 },
    { 23, 39, 29, 58, -0.01184, 0.0, -6.0, 1.2, 2.0 },
    { 23, 39, 29, 58, -0.02974, 0.0, -5.0, 1.2, 2.0 },
    { 23, 39, 29, 58, -0.11535, 0.0, -4.0, 1.2, 2.0 },
    { 23, 39, 29, 58, 0.10642, 0.81093, -3.0, 1.2, 2.0 },
    { 23, 39, 29, 58, -0.70075, -10.51754, -2.0, 1.2, 2.0 },
    { 23, 39, 29, 58, 0.19389, 12.35042, 1.0, 1.2, 2.0 },
    { 0, 39, 29, 58, -0.01184, 0.0, -6.0, 1.2, 2.0 },
    { 0, 39, 29, 58, -0.02974, 0.0, -5.0, 1.2, 2.0 },
    { 0, 39, 29, 58, -0.11535, 0.0, -4.0, 1.2, 2.0 },
    { 0, 39, 29, 58, 0.10642, 0.81093, -3.0, 1.2, 2.0 },
    { 0, 39, 29, 58, -0.70075, -10.51754, -2.0, 1.2, 2.0 },
    { 0, 39, 29, 58, 0.19389, 12.35042, 1.0, 1.2, 2.0 },
    { 6, 39, 29, 58, -0.01184, 0.0, -6.0, 1.2, 2.0 },
    { 6, 39, 29, 58, -0.02974, 0.0, -5.0, 1.2, 2.0 },
    { 6, 39, 29, 58, -0.11535, 0.0, -4.0, 1.2, 2.0 },
    { 6, 39, 29, 58, 0.10642, 0.81093, -3.0, 1.2, 2.0 },
    { 6, 39, 29, 58, -0.70075, -10.51754, -2.0, 1.2, 2.0 },
    { 6, 39, 29, 58, 0.19389, 12.35042, 1.0, 1.2, 2.0 },
    { 9, 39, 29, 58, -0.01184, 0.0, -6.0, 1.2, 2.0 },
    { 9, 39, 29, 58, -0.02974, 0.0, -5.0, 1.2, 2.0 },
    { 9, 39, 29, 58, -0.11535, 0.0, -4.0, 1.2, 2.0 },
    { 9, 39, 29, 58, 0.10642, 0.81093, -3.0, 1.2, 2.0 },
    { 9, 39, 29, 58, -0.70075, -10.51754, -2.0, 1.2, 2.0 },
    { 9, 39, 29, 58, 0.19389, 12.35042, 1.0, 1.2, 2.0 },
    { 8, 39, 29, 58, -0.01184, 0.0, -6.0, 1.2, 2.0 },
    { 8, 39, 29, 58, -0.02974, 0.0, -5.0, 1.2, 2.0 },
    { 8, 39, 29, 58, -0.11535, 0.0, -4.0, 1.2, 2.0 },
    { 8, 39, 29, 58, 0.10642, 0.81093, -3.0, 1.2, 2.0 },
    { 8, 39, 29, 58, -0.70075, -10.51754, -2.0, 1.2, 2.0 },
    { 8, 39, 29, 58, 0.19389, 12.35042, 1.0, 1.2, 2.0 },
    { 10, 39, 29, 58, -0.01184, 0.0, -6.0, 1.2, 2.0 },
    { 10, 39, 29, 58, -0.02974, 0.0, -5.0, 1.2, 2.0 },
    { 10, 39, 29, 58, -0.11535, 0.0, -4.0, 1.2, 2.0 },
    { 10, 39, 29, 58, 0.10642, 0.81093, -3.0, 1.2, 2.0 },
    { 10, 39, 29, 58, -0.70075, -10.51754, -2.0, 1.2, 2.0 },
    { 10, 39, 29, 58, 0.19389, 12.35042, 1.0, 1.2, 2.0 },
    { 4, 39, 29, 58, -0.01184, 0.0, -6.0, 1.2, 2.0 },
    { 4, 39, 29, 58, -0.02974, 0.0, -5.0, 1.2, 2.0 },
    { 4, 39, 29, 58, -0.11535, 0.0, -4.0, 1.2, 2.0 },
    { 4, 39, 29, 58, 0.10642, 0.81093, -3.0, 1.2, 2.0 },
    { 4, 39, 29, 58, -0.70075, -10.51754, -2.0, 1.2, 2.0 },
    { 4, 39, 29, 58, 0.19389, 12.35042, 1.0, 1.2, 2.0 },
    { 12, 39, 29, 58, -0.01184, 0.0, -6.0, 1.2, 2.0 },
    { 12, 39, 29, 58, -0.02974, 0.0, -5.0, 1.2, 2.0 },
    { 12, 39, 29, 58, -0.11535, 0.0, -4.0, 1.2, 2.0 },
    { 12, 39, 29, 58, 0.10642, 0.81093, -3.0, 1.2, 2.0 },
    { 12, 39, 29, 58, -0.70075, -10.51754, -2.0, 1.2, 2.0 },
    { 12, 39, 29, 58, 0.19389, 12.35042, 1.0, 1.2, 2.0 },
    { 15, 39, 29, 58, -0.01184, 0.0, -6.0, 1.2, 2.0 },
    { 15, 39, 29, 58, -0.02974, 0.0, -5.0, 1.2, 2.0 },
    { 15, 39, 29, 58, -0.11535, 0.0, -4.0, 1.2, 2.0 },
    { 15, 39, 29, 58, 0.10642, 0.81093, -3.0, 1.2, 2.0 },
    { 15, 39, 29, 58, -0.70075, -10.51754, -2.0, 1.2, 2.0 },
    { 15, 39, 29, 58, 0.19389, 12.35042, 1.0, 1.2, 2.0 },
    { 16, 39, 29, 58, -0.01184, 0.0, -6.0, 1.2, 2.0 },
    { 16, 39, 29, 58, -0.02974, 0.0, -5.0, 1.2, 2.0 },
    { 16, 39, 29, 58, -0.11535, 0.0, -4.0, 1.2, 2.0 },
    { 16, 39, 29, 58, 0.10642, 0.81093, -3.0, 1.2, 2.0 },
    { 16, 39, 29, 58, -0.70075, -10.51754, -2.0, 1.2, 2.0 },
    { 16, 39, 29, 58, 0.19389, 12.35042, 1.0, 1.2, 2.0 },
    { 18, 39, 29, 58, -0.01184, 0.0, -6.0, 1.2, 2.0 },
    { 18, 39, 29, 58, -0.02974, 0.0, -5.0, 1.2, 2.0 },
    { 18, 39, 29, 58, -0.11535, 0.0, -4.0, 1.2, 2.0 },
    { 18, 39, 29, 58, 0.10642, 0.81093, -3.0, 1.2, 2.0 },
    { 18, 39, 29, 58, -0.70075, -10.51754, -2.0, 1.2, 2.0 },
    { 18, 39, 29, 58, 0.19389, 12.35042, 1.0, 1.2, 2.0 },
    { 19, 39, 29, 58, -0.01184, 0.0, -6.0, 1.2, 2.0 },
    { 19, 39, 29, 58, -0.02974, 0.0, -5.0, 1.2, 2.0 },
    { 19, 39, 29, 58, -0.11535, 0.0, -4.0, 1.2, 2.0 },
    { 19, 39, 29, 58, 0.10642, 0.81093, -3.0, 1.2, 2.0 },
    { 19, 39, 29, 58, -0.70075, -10.51754, -2.0, 1.2, 2.0 },
    { 19, 39, 29, 58, 0.19389, 12.35042, 1.0, 1.2, 2.0 },
    { 17, 39, 29, 58, -0.01184, 0.0, -6.0, 1.2, 2.0 },
    { 17, 39, 29, 58, -0.02974, 0.0, -5.0, 1.2, 2.0 },
    { 17, 39, 29, 58, -0.11535, 0.0, -4.0, 1.2, 2.0 },
    { 17, 39, 29, 58, 0.10642, 0.81093, -3.0, 1.2, 2.0 },
    { 17, 39, 29, 58, -0.70075, -10.51754, -2.0, 1.2, 2.0 },
    { 17, 39, 29, 58, 0.19389, 12.35042, 1.0, 1.2, 2.0 },
    { 20, 39, 29, 58, -0.01184, 0.0, -6.0, 1.2, 2.0 },
    { 20, 39, 29, 58, -0.02974, 0.0, -5.0, 1.2, 2.0 },
    { 20, 39, 29, 58, -0.11535, 0.0, -4.0, 1.2, 2.0 },
    { 20, 39, 29, 58, 0.10642, 0.81093, -3.0, 1.2, 2.0 },
    { 20, 39, 29, 58, -0.70075, -10.51754, -2.0, 1.2, 2.0 },
    { 20, 39, 29, 58, 0.19389, 12.35042, 1.0, 1.2, 2.0 },
    { 7, 39, 29, 58, -0.01184, 0.0, -6.0, 1.2, 2.0 },
    { 7, 39, 29, 58, -0.02974, 0.0, -5.0, 1.2, 2.0 },
    { 7, 39, 29, 58, -0.11535, 0.0, -4.0, 1.2, 2.0 },
    { 7, 39, 29, 58, 0.10642, 0.81093, -3.0, 1.2, 2.0 },
    { 7, 39, 29, 58, -0.70075, -10.51754, -2.0, 1.2, 2.0 },
    { 7, 39, 29, 58, 0.19389, 12.35042, 1.0, 1.2, 2.0 },
    { 26, 39, 29, 58, -0.01184, 0.0, -6.0, 1.2, 2.0 },
    { 26, 39, 29, 58, -0.02974, 0.0, -5.0, 1.2, 2.0 },
    { 26, 39, 29, 58, -0.11535, 0.0, -4.0, 1.2, 2.0 },
    { 26, 39, 29, 58, 0.10642, 0.81093, -3.0, 1.2, 2.0 },
    { 26, 39, 29, 58, -0.70075, -10.51754, -2.0, 1.2, 2.0 },
    { 26, 39, 29, 58, 0.19389, 12.35042, 1.0, 1.2, 2.0 },
    { 39, 11, 29, 58, 0.0394, -0.72432, -6.0, 1.2, 2.0 },
    { 39, 11, 29, 58, -0.03951, -3.64919, -5.0, 1.2, 2.0 },
    { 39, 11, 29, 58, -0.0093, -0.30087, -4.0, 1.2, 2.0 },
    { 39, 11, 29, 58, -0.18022, 0.28942, -3.0, 1.2, 2.0 },
    { 39, 11, 29, 58, -0.28956, -3.59747, -2.0, 1.2, 2.0 },
    { 39, 11, 29, 58, 0.06643, 5.13105, 1.0, 1.2, 2.0 },
    { 14, 39, 58, 29, -0.06722, 0.0, -6.0, 1.2, 2.0 },
    { 14, 39, 58, 29, 0.07683, 0.0, -5.0, 1.2, 2.0 },
    { 14, 39, 58, 29, -0.09777, 0.0, -4.0, 1.2, 2.0 },
    { 14, 39, 58, 29, 0.02415, -13.1181, -3.0, 1.2, 2.0 },
    { 14, 39, 58, 29, 0.65662, -70.04881, -2.0, 1.2, 2.0 },
    { 14, 39, 58, 29, -0.44504, -12.98507, 1.0, 1.2, 2.0 },
    { 21, 39, 58, 29, -0.06722, 0.0, -6.0, 1.2, 2.0 },
    { 21, 39, 58, 29, 0.07683, 0.0, -5.0, 1.2, 2.0 },
    { 21, 39, 58, 29, -0.09777, 0.0, -4.0, 1.2, 2.0 },
    { 21, 39, 58, 29, 0.02415, -13.1181, -3.0, 1.2, 2.0 },
    { 21, 39, 58, 29, 0.65662, -70.04881, -2.0, 1.2, 2.0 },
    { 21, 39, 58, 29, -0.44504, -12.98507, 1.0, 1.2, 2.0 },
    { 11, 39, 58, 29, -0.06722, 0.0, -6.0, 1.2, 2.0 },
    { 11, 39, 58, 29, 0.07683, 0.0, -5.0, 1.2, 2.0 },
    { 11, 39, 58, 29, -0.09777, 0.0, -4.0, 1.2, 2.0 },
    { 11, 39, 58, 29, 0.02415, -13.1181, -3.0, 1.2, 2.0 },
    { 11, 39, 58, 29, 0.65662, -70.04881, -2.0, 1.2, 2.0 },
    { 11, 39, 58, 29, -0.44504, -12.98507, 1.0, 1.2, 2.0 },
    { 2, 39, 58, 29, -0.06722, 0.0, -6.0, 1.2, 2.0 },
    { 2, 39, 58, 29, 0.07683, 0.0, -5.0, 1.2, 2.0 },
    { 2, 39, 58, 29, -0.09777, 0.0, -4.0, 1.2, 2.0 },
    { 2, 39, 58, 29, 0.02415, -13.1181, -3.0, 1.2, 2.0 },
    { 2, 39, 58, 29, 0.65662, -70.04881, -2.0, 1.2, 2.0 },
    { 2, 39, 58, 29, -0.44504, -12.98507, 1.0, 1.2, 2.0 },
    { 1, 39, 58, 29, -0.06722, 0.0, -6.0, 1.2, 2.0 },
    { 1, 39, 58, 29, 0.07683, 0.0, -5.0, 1.2, 2.0 },
    { 1, 39, 58, 29, -0.09777, 0.0, -4.0, 1.2, 2.0 },
    { 1, 39, 58, 29, 0.02415, -13.1181, -3.0, 1.2, 2.0 },
    { 1, 39, 58, 29, 0.65662, -70.04881, -2.0, 1.2, 2.0 },
    { 1, 39, 58, 29, -0.44504, -12.98507, 1.0, 1.2, 2.0 },
    { 13, 39, 58, 29, -0.06722, 0.0, -6.0, 1.2, 2.0 },
    { 13, 39, 58, 29, 0.07683, 0.0, -5.0, 1.2, 2.0 },
    { 13, 39, 58, 29, -0.09777, 0.0, -4.0, 1.2, 2.0 },
    { 13, 39, 58, 29, 0.02415, -13.1181, -3.0, 1.2, 2.0 },
    { 13, 39, 58, 29, 0.65662, -70.04881, -2.0, 1.2, 2.0 },
    { 13, 39, 58, 29, -0.44504, -12.98507, 1.0, 1.2, 2.0 },
    { 3, 39, 58, 29, -0.06722, 0.0, -6.0, 1.2, 2.0 },
    { 3, 39, 58, 29, 0.07683, 0.0, -5.0, 1.2, 2.0 },
    { 3, 39, 58, 29, -0.09777, 0.0, -4.0, 1.2, 2.0 },
    { 3, 39, 58, 29, 0.02415, -13.1181, -3.0, 1.2, 2.0 },
    { 3, 39, 58, 29, 0.65662, -70.04881, -2.0, 1.2, 2.0 },
    { 3, 39, 58, 29, -0.44504, -12.98507, 1.0, 1.2, 2.0 },
    { 5, 39, 58, 29, -0.06722, 0.0, -6.0, 1.2, 2.0 },
    { 5, 39, 58, 29, 0.07683, 0.0, -5.0, 1.2, 2.0 },
    { 5, 39, 58, 29, -0.09777, 0.0, -4.0, 1.2, 2.0 },
    { 5, 39, 58, 29, 0.02415, -13.1181, -3.0, 1.2, 2.0 },
    { 5, 39, 58, 29, 0.65662, -70.04881, -2.0, 1.2, 2.0 },
    { 5, 39, 58, 29, -0.44504, -12.98507, 1.0, 1.2, 2.0 },
    { 23, 39, 58, 29, -0.06722, 0.0, -6.0, 1.2, 2.0 },
    { 23, 39, 58, 29, 0.07683, 0.0, -5.0, 1.2, 2.0 },
    { 23, 39, 58, 29, -0.09777, 0.0, -4.0, 1.2, 2.0 },
    { 23, 39, 58, 29, 0.02415, -13.1181, -3.0, 1.2, 2.0 },
    { 23, 39, 58, 29, 0.65662, -70.04881, -2.0, 1.2, 2.0 },
    { 23, 39, 58, 29, -0.44504, -12.98507, 1.0, 1.2, 2.0 },
    { 0, 39, 58, 29, -0.06722, 0.0, -6.0, 1.2, 2.0 },
    { 0, 39, 58, 29, 0.07683, 0.0, -5.0, 1.2, 2.0 },
    { 0, 39, 58, 29, -0.09777, 0.0, -4.0, 1.2, 2.0 },
    { 0, 39, 58, 29, 0.02415, -13.1181, -3.0, 1.2, 2.0 },
    { 0, 39, 58, 29, 0.65662, -70.04881, -2.0, 1.2, 2.0 },
    { 0, 39, 58, 29, -0.44504, -12.98507, 1.0, 1.2, 2.0 },
    { 6, 39, 58, 29, -0.06722, 0.0, -6.0, 1.2, 2.0 },
    { 6, 39, 58, 29, 0.07683, 0.0, -5.0, 1.2, 2.0 },
    { 6, 39, 58, 29, -0.09777, 0.0, -4.0, 1.2, 2.0 },
    { 6, 39, 58, 29, 0.02415, -13.1181, -3.0, 1.2, 2.0 },
    { 6, 39, 58, 29, 0.65662, -70.04881, -2.0, 1.2, 2.0 },
    { 6, 39, 58, 29, -0.44504, -12.98507, 1.0, 1.2, 2.0 },
    { 9, 39, 58, 29, -0.06722, 0.0, -6.0, 1.2, 2.0 },
    { 9, 39, 58, 29, 0.07683, 0.0, -5.0, 1.2, 2.0 },
    { 9, 39, 58, 29, -0.09777, 0.0, -4.0, 1.2, 2.0 },
    { 9, 39, 58, 29, 0.02415, -13.1181, -3.0, 1.2, 2.0 },
    { 9, 39, 58, 29, 0.65662, -70.04881, -2.0, 1.2, 2.0 },
    { 9, 39, 58, 29, -0.44504, -12.98507, 1.0, 1.2, 2.0 },
    { 8, 39, 58, 29, -0.06722, 0.0, -6.0, 1.2, 2.0 },
    { 8, 39, 58, 29, 0.07683, 0.0, -5.0, 1.2, 2.0 },
    { 8, 39, 58, 29, -0.09777, 0.0, -4.0, 1.2, 2.0 },
    { 8, 39, 58, 29, 0.02415, -13.1181, -3.0, 1.2, 2.0 },
    { 8, 39, 58, 29, 0.65662, -70.04881, -2.0, 1.2, 2.0 },
    { 8, 39, 58, 29, -0.44504, -12.98507, 1.0, 1.2, 2.0 },
    { 10, 39, 58, 29, -0.06722, 0.0, -6.0, 1.2, 2.0 },
    { 10, 39, 58, 29, 0.07683, 0.0, -5.0, 1.2, 2.0 },
    { 10, 39, 58, 29, -0.09777, 0.0, -4.0, 1.2, 2.0 },
    { 10, 39, 58, 29, 0.02415, -13.1181, -3.0, 1.2, 2.0 },
    { 10, 39, 58, 29, 0.65662, -70.04881, -2.0, 1.2, 2.0 },
    { 10, 39, 58, 29, -0.44504, -12.98507, 1.0, 1.2, 2.0 },
    { 4, 39, 58, 29, -0.06722, 0.0, -6.0, 1.2, 2.0 },
    { 4, 39, 58, 29, 0.07683, 0.0, -5.0, 1.2, 2.0 },
    { 4, 39, 58, 29, -0.09777, 0.0, -4.0, 1.2, 2.0 },
    { 4, 39, 58, 29, 0.02415, -13.1181, -3.0, 1.2, 2.0 },
    { 4, 39, 58, 29, 0.65662, -70.04881, -2.0, 1.2, 2.0 },
    { 4, 39, 58, 29, -0.44504, -12.98507, 1.0, 1.2, 2.0 },
    { 12, 39, 58, 29, -0.06722, 0.0, -6.0, 1.2, 2.0 },
    { 12, 39, 58, 29, 0.07683, 0.0, -5.0, 1.2, 2.0 },
    { 12, 39, 58, 29, -0.09777, 0.0, -4.0, 1.2, 2.0 },
    { 12, 39, 58, 29, 0.02415, -13.1181, -3.0, 1.2, 2.0 },
    { 12, 39, 58, 29, 0.65662, -70.04881, -2.0, 1.2, 2.0 },
    { 12, 39, 58, 29, -0.44504, -12.98507, 1.0, 1.2, 2.0 },
    { 15, 39, 58, 29, -0.06722, 0.0, -6.0, 1.2, 2.0 },
    { 15, 39, 58, 29, 0.07683, 0.0, -5.0, 1.2, 2.0 },
    { 15, 39, 58, 29, -0.09777, 0.0, -4.0, 1.2, 2.0 },
    { 15, 39, 58, 29, 0.02415, -13.1181, -3.0, 1.2, 2.0 },
    { 15, 39, 58, 29, 0.65662, -70.04881, -2.0, 1.2, 2.0 },
    { 15, 39, 58, 29, -0.44504, -12.98507, 1.0, 1.2, 2.0 },
    { 16, 39, 58, 29, -0.06722, 0.0, -6.0, 1.2, 2.0 },
    { 16, 39, 58, 29, 0.07683, 0.0, -5.0, 1.2, 2.0 },
    { 16, 39, 58, 29, -0.09777, 0.0, -4.0, 1.2, 2.0 },
    { 16, 39, 58, 29, 0.02415, -13.1181, -3.0, 1.2, 2.0 },
    { 16, 39, 58, 29, 0.65662, -70.04881, -2.0, 1.2, 2.0 },
    { 16, 39, 58, 29, -0.44504, -12.98507, 1.0, 1.2, 2.0 },
    { 18, 39, 58, 29, -0.06722, 0.0, -6.0, 1.2, 2.0 },
    { 18, 39, 58, 29, 0.07683, 0.0, -5.0, 1.2, 2.0 },
    { 18, 39, 58, 29, -0.09777, 0.0, -4.0, 1.2, 2.0 },
    { 18, 39, 58, 29, 0.02415, -13.1181, -3.0, 1.2, 2.0 },
    { 18, 39, 58, 29, 0.65662, -70.04881, -2.0, 1.2, 2.0 },
    { 18, 39, 58, 29, -0.44504, -12.98507, 1.0, 1.2, 2.0 },
    { 19, 39, 58, 29, -0.06722, 0.0, -6.0, 1.2, 2.0 },
    { 19, 39, 58, 29, 0.07683, 0.0, -5.0, 1.2, 2.0 },
    { 19, 39, 58, 29, -0.09777, 0.0, -4.0, 1.2, 2.0 },
    { 19, 39, 58, 29, 0.02415, -13.1181, -3.0, 1.2, 2.0 },
    { 19, 39, 58, 29, 0.65662, -70.04881, -2.0, 1.2, 2.0 },
    { 19, 39, 58, 29, -0.44504, -12.98507, 1.0, 1.2, 2.0 },
    { 17, 39, 58, 29, -0.06722, 0.0, -6.0, 1.2, 2.0 },
    { 17, 39, 58, 29, 0.07683, 0.0, -5.0, 1.2, 2.0 },
    { 17, 39, 58, 29, -0.09777, 0.0, -4.0, 1.2, 2.0 },
    { 17, 39, 58, 29, 0.02415, -13.1181, -3.0, 1.2, 2.0 },
    { 17, 39, 58, 29, 0.65662, -70.04881, -2.0, 1.2, 2.0 },
    { 17, 39, 58, 29, -0.44504, -12.98507, 1.0, 1.2, 2.0 },
    { 20, 39, 58, 29, -0.06722, 0.0, -6.0, 1.2, 2.0 },
    { 20, 39, 58, 29, 0.07683, 0.0, -5.0, 1.2, 2.0 },
    { 20, 39, 58, 29, -0.09777, 0.0, -4.0, 1.2, 2.0 },
    { 20, 39, 58, 29, 0.02415, -13.1181, -3.0, 1.2, 2.0 },
    { 20, 39, 58, 29, 0.65662, -70.04881, -2.0, 1.2, 2.0 },
    { 20, 39, 58, 29, -0.44504, -12.98507, 1.0, 1.2, 2.0 },
    { 7, 39, 58, 29, -0.06722, 0.0, -6.0, 1.2, 2.0 },
    { 7, 39, 58, 29, 0.07683, 0.0, -5.0, 1.2, 2.0 },
    { 7, 39, 58, 29, -0.09777, 0.0, -4.0, 1.2, 2.0 },
    { 7, 39, 58, 29, 0.02415, -13.1181, -3.0, 1.2, 2.0 },
    { 7, 39, 58, 29, 0.65662, -70.04881, -2.0, 1.2, 2.0 },
    { 7, 39, 58, 29, -0.44504, -12.98507, 1.0, 1.2, 2.0 },
    { 26, 39, 58, 29, -0.06722, 0.0, -6.0, 1.2, 2.0 },
    { 26, 39, 58, 29, 0.07683, 0.0, -5.0, 1.2, 2.0 },
    { 26, 39, 58, 29, -0.09777, 0.0, -4.0, 1.2, 2.0 },
    { 26, 39, 58, 29, 0.02415, -13.1181, -3.0, 1.2, 2.0 },
    { 26, 39, 58, 29, 0.65662, -70.04881, -2.0, 1.2, 2.0 },
    { 26, 39, 58, 29, -0.44504, -12.98507, 1.0, 1.2, 2.0 },
    { 49, 28, 16, 67, 0.0, 0.0, -3.0, 1.2, 2.0 },
    { 49, 28, 16, 67, 0.22915, 0.12029, 1.0, 1.2, 2.0 },
    { 44, 39, 15, 67, 0.0, 0.0, -3.0, 1.2, 2.0 },
    { 44, 39, 15, 67, 0.72834, 36.55068, 1.0, 1.2, 2.0 },
    { 44, 39, 16, 67, 0.0, 0.0, -3.0, 1.2, 2.0 },
    { 44, 39, 16, 67, 0.72834, 36.55068, 1.0, 1.2, 2.0 },
    { 24, 6, 39, 39, -0.00911, 0.0, -6.0, 1.2, 2.0 },
    { 24, 6, 39, 39, 0.05622, 0.45138, -5.0, 1.2, 2.0 },
    { 24, 6, 39, 39, 0.04301, 0.07998, -4.0, 1.2, 2.0 },
    { 24, 6, 39, 39, 0.0996, 0.0, -3.0, 1.2, 2.0 },
    { 24, 6, 39, 39, 0.00689, -0.05786, -2.0, 1.2, 2.0 },
    { 24, 6, 39, 39, -0.07881, -0.83775, 1.0, 1.2, 2.0 },
    { 8, 39, 39, 39, 0.4958, -2.43912, -3.0, 1.2, 2.0 },
    { 8, 39, 39, 39, 0.14215, 183.43549, -2.0, 1.2, 2.0 },
    { 8, 39, 39, 39, 0.1997, 168.30905, 1.0, 1.2, 2.0 },
    { 26, 39, 39, 39, 0.4958, -2.43912, -3.0, 1.2, 2.0 },
    { 26, 39, 39, 39, 0.14215, 183.43549, -2.0, 1.2, 2.0 },
    { 26, 39, 39, 39, 0.1997, 168.30905, 1.0, 1.2, 2.0 },
    { 39, 14, 39, 39, 0.16435, 18.16428, -6.0, 1.2, 2.0 },
    { 39, 14, 39, 39, -0.5265, -32.59592, -5.0, 1.2, 2.0 },
    { 39, 14, 39, 39, -0.05252, 4.10067, -4.0, 1.2, 2.0 },
    { 39, 14, 39, 39, -0.40198, -1.12302, -3.0, 1.2, 2.0 },
    { 39, 14, 39, 39, 0.06538, -1.7552, -2.0, 1.2, 2.0 },
    { 39, 14, 39, 39, 0.18776, 13.48044, 1.0, 1.2, 2.0 },
    { 39, 6, 39, 39, -0.03463, 0.0, -6.0, 1.2, 2.0 },
    { 39, 6, 39, 39, -0.04393, -0.37622, -5.0, 1.2, 2.0 },
    { 39, 6, 39, 39, 0.03472, -0.10669, -4.0, 1.2, 2.0 },
    { 39, 6, 39, 39, 0.1412, -0.77834, -3.0, 1.2, 2.0 },
    { 39, 6, 39, 39, -0.15615, 1.64589, -2.0, 1.2, 2.0 },
    { 39, 6, 39, 39, 0.13427, 0.46663, 1.0, 1.2, 2.0 },
    { 39, 9, 39, 39, -0.05405, -0.45897, -6.0, 1.2, 2.0 },
    { 39, 9, 39, 39, 0.05993, -0.6075, -5.0, 1.2, 2.0 },
    { 39, 9, 39, 39, -0.03128, 0.3088, -4.0, 1.2, 2.0 },
    { 39, 9, 39, 39, 0.17552, -7.26981, -3.0, 1.2, 2.0 },
    { 39, 9, 39, 39, -0.19723, -0.9181, -2.0, 1.2, 2.0 },
    { 39, 9, 39, 39, 0.10971, 0.0, 1.0, 1.2, 2.0 },
    { 39, 8, 39, 39, 0.25291, -23.20549, -6.0, 1.2, 2.0 },
    { 39, 8, 39, 39, -0.59481, -39.5021, -5.0, 1.2, 2.0 },
    { 39, 8, 39, 39, 0.18963, 1.99621, -4.0, 1.2, 2.0 },
    { 39, 8, 39, 39, -0.03812, 0.432, -3.0, 1.2, 2.0 },
    { 39, 8, 39, 39, -0.49413, 13.07363, -2.0, 1.2, 2.0 },
    { 39, 8, 39, 39, -0.14394, 2.15684, 1.0, 1.2, 2.0 },
    { 39, 12, 39, 39, 0.4958, -2.43912, -3.0, 1.2, 2.0 },
    { 39, 12, 39, 39, 0.14215, 183.43549, -2.0, 1.2, 2.0 },
    { 39, 12, 39, 39, 0.1997, 168.30905, 1.0, 1.2, 2.0 },
    { 39, 26, 39, 39, -0.08741, -4.01188, -6.0, 1.2, 2.0 },
    { 39, 26, 39, 39, 0.14926, -17.46334, -5.0, 1.2, 2.0 },
    { 39, 26, 39, 39, -0.05966, 2.60432, -4.0, 1.2, 2.0 },
    { 39, 26, 39, 39, 0.20857, 16.14074, -3.0, 1.2, 2.0 },
    { 39, 26, 39, 39, -0.08011, 3.85245, -2.0, 1.2, 2.0 },
    { 39, 26, 39, 39, -0.17121, -1.12635, 1.0, 1.2, 2.0 },
    { 50, 67, 15, 39, -0.18193, 2.18434, -6.0, 1.2, 2.0 },
    { 50, 67, 15, 39, -0.21993, -13.35089, -5.0, 1.2, 2.0 },
    { 50, 67, 15, 39, 0.14197, 14.64385, -4.0, 1.2, 2.0 },
    { 50, 67, 15, 39, 0.10312, -0.59231, -3.0, 1.2, 2.0 },
    { 50, 67, 15, 39, 0.38626, -25.91102, -2.0, 1.2, 2.0 },
    { 50, 67, 15, 39, -0.03112, -2.59759, 1.0, 1.2, 2.0 },
    { 50, 67, 16, 28, -0.12744, -1.97954, -6.0, 1.2, 2.0 },
    { 50, 67, 16, 28, 0.15743, 1.71588, -5.0, 1.2, 2.0 },
    { 50, 67, 16, 28, -0.07148, -0.39024, -4.0, 1.2, 2.0 },
    { 50, 67, 16, 28, 0.15252, 0.78926, -3.0, 1.2, 2.0 },
    { 50, 67, 16, 28, -0.09133, 2.65252, -2.0, 1.2, 2.0 },
    { 50, 67, 16, 28, -0.00758, 1.3528, 1.0, 1.2, 2.0 },
    { 50, 67, 16, 39, 0.01884, 0.17309, -6.0, 1.2, 2.0 },
    { 50, 67, 16, 39, -0.16115, -3.69581, -5.0, 1.2, 2.0 },
    { 50, 67, 16, 39, 0.08886, -0.06698, -4.0, 1.2, 2.0 },
    { 50, 67, 16, 39, 0.13965, -0.79404, -3.0, 1.2, 2.0 },
    { 50, 67, 16, 39, 0.34937, -0.88698, -2.0, 1.2, 2.0 },
    { 50, 67, 16, 39, -0.24645, -3.95558, 1.0, 1.2, 2.0 },
    { 49, 14, 39, 39, 0.14796, 5.26209, 3.0, 1.2, 2.0 },
    { 49, 27, 13, 39, 0.14796, 5.26209, 3.0, 1.2, 2.0 },
    { 49, 22, 3, 39, 0.14796, 5.26209, 3.0, 1.2, 2.0 },
    { 49, 6, 39, 39, 0.14796, 5.26209, 3.0, 1.2, 2.0 },
    { 49, 24, 6, 39, 0.14796, 5.26209, 3.0, 1.2, 2.0 },
    { 49, 9, 39, 39, 0.14796, 5.26209, 3.0, 1.2, 2.0 },
    { 49, 8, 39, 39, 0.14796, 5.26209, 3.0, 1.2, 2.0 },
    { 49, 12, 39, 39, 0.14796, 5.26209, 3.0, 1.2, 2.0 },
    { 49, 28, 16, 39, 0.14796, 5.26209, 3.0, 1.2, 2.0 },
    { 49, 25, 7, 39, 0.14796, 5.26209, 3.0, 1.2, 2.0 },
    { 49, 26, 39, 39, 0.14796, 5.26209, 3.0, 1.2, 2.0 },
    { 49, 39, 14, 39, 0.14796, 5.26209, 3.0, 1.2, 2.0 },
    { 49, 39, 6, 24, 0.14796, 5.26209, 3.0, 1.2, 2.0 },
    { 49, 39, 6, 39, 0.14796, 5.26209, 3.0, 1.2, 2.0 },
    { 49, 39, 9, 39, 0.14796, 5.26209, 3.0, 1.2, 2.0 },
    { 49, 39, 8, 39, 0.14796, 5.26209, 3.0, 1.2, 2.0 },
    { 49, 39, 12, 39, 0.14796, 5.26209, 3.0, 1.2, 2.0 },
    { 49, 39, 17, 39, 0.14796, 5.26209, 3.0, 1.2, 2.0 },
    { 49, 39, 26, 39, 0.14796, 5.26209, 3.0, 1.2, 2.0 },
    { 49, 39, 39, 6, 0.14796, 5.26209, 3.0, 1.2, 2.0 },
    { 49, 39, 39, 9, 0.14796, 5.26209, 3.0, 1.2, 2.0 },
    { 49, 39, 39, 8, 0.14796, 5.26209, 3.0, 1.2, 2.0 },
    { 49, 39, 39, 26, 0.14796, 5.26209, 3.0, 1.2, 2.0 },
    { 49, 14, 39, 49, 0.16278, -18.5193, 3.0, 1.2, 2.0 },
    { 49, 13, 27, 49, 0.16278, -18.5193, 3.0, 1.2, 2.0 },
    { 49, 3, 22, 49, 0.16278, -18.5193, 3.0, 1.2, 2.0 },
    { 49, 6, 24, 49, 0.16278, -18.5193, 3.0, 1.2, 2.0 },
    { 49, 6, 39, 49, 0.16278, -18.5193, 3.0, 1.2, 2.0 },
    { 49, 9, 39, 49, 0.16278, -18.5193, 3.0, 1.2, 2.0 },
    { 49, 8, 39, 49, 0.16278, -18.5193, 3.0, 1.2, 2.0 },
    { 49, 12, 39, 49, 0.16278, -18.5193, 3.0, 1.2, 2.0 },
    { 49, 17, 39, 49, 0.16278, -18.5193, 3.0, 1.2, 2.0 },
    { 49, 7, 25, 49, 0.16278, -18.5193, 3.0, 1.2, 2.0 },
    { 49, 26, 39, 49, 0.16278, -18.5193, 3.0, 1.2, 2.0 },
    { 49, 21, 29, 65, -0.02665, 160.56772, -3.0, 1.2, 2.0 },
    { 49, 21, 29, 65, 0.88962, -3.56908, 1.0, 1.2, 2.0 },
    { 49, 11, 29, 65, -0.02665, 160.56772, -3.0, 1.2, 2.0 },
    { 49, 11, 29, 65, 0.88962, -3.56908, 1.0, 1.2, 2.0 },
    { 49, 27, 29, 65, -0.02665, 160.56772, -3.0, 1.2, 2.0 },
    { 49, 27, 29, 65, 0.88962, -3.56908, 1.0, 1.2, 2.0 },
    { 49, 25, 29, 65, -0.02665, 160.56772, -3.0, 1.2, 2.0 },
    { 49, 25, 29, 65, 0.88962, -3.56908, 1.0, 1.2, 2.0 },
    { -1, 30, 18, -1, 0.0, 0.0, 1.0, 1.2, 2.0 },
    { -1, 1, 72, -1, 0.37611, 0.94733, 3.0, 1.2, 2.0 },
    { -1, 15, 67, -1, 0.39226, -1.28609, 3.0, 1.2, 2.0 },
    { -1, 16, 67, -1, 0.39226, -1.28609, 3.0, 1.2, 2.0 },
    { -1, 14, 39, -1, 0.17935, 3.79679, 3.0, 1.2, 2.0 },
    { -1, 21, 39, -1, 0.17935, 3.79679, 3.0, 1.2, 2.0 },
    { -1, 11, 39, -1, 0.17935, 3.79679, 3.0, 1.2, 2.0 },
    { -1, 2, 39, -1, 0.17935, 3.79679, 3.0, 1.2, 2.0 },
    { -1, 1, 39, -1, 0.17935, 3.79679, 3.0, 1.2, 2.0 },
    { -1, 13, 27, -1, 0.17935, 3.79679, 3.0, 1.2, 2.0 },
    { -1, 13, 39, -1, 0.17935, 3.79679, 3.0, 1.2, 2.0 },
    { -1, 3, 22, -1, 0.17935, 3.79679, 3.0, 1.2, 2.0 },
    { -1, 3, 39, -1, 0.17935, 3.79679, 3.0, 1.2, 2.0 },
    { -1, 5, 39, -1, 0.17935, 3.79679, 3.0, 1.2, 2.0 },
    { -1, 23, 39, -1, 0.17935, 3.79679, 3.0, 1.2, 2.0 },
    { -1, 0, 39, -1, 0.17935, 3.79679, 3.0, 1.2, 2.0 },
    { -1, 6, 24, -1, 0.17935, 3.79679, 3.0, 1.2, 2.0 },
    { -1, 6, 39, -1, 0.17935, 3.79679, 3.0, 1.2, 2.0 },
    { -1, 9, 39, -1, 0.17935, 3.79679, 3.0, 1.2, 2.0 },
    { -1, 8, 39, -1, 0.17935, 3.79679, 3.0, 1.2, 2.0 },
    { -1, 10, 39, -1, 0.17935, 3.79679, 3.0, 1.2, 2.0 },
    { -1, 4, 39, -1, 0.17935, 3.79679, 3.0, 1.2, 2.0 },
    { -1, 12, 39, -1, 0.17935, 3.79679, 3.0, 1.2, 2.0 },
    { -1, 15, 39, -1, 0.17935, 3.79679, 3.0, 1.2, 2.0 },
    { -1, 16, 28, -1, 0.17935, 3.79679, 3.0, 1.2, 2.0 },
    { -1, 16, 39, -1, 0.17935, 3.79679, 3.0, 1.2, 2.0 },
    { -1, 18, 39, -1, 0.17935, 3.79679, 3.0, 1.2, 2.0 },
    { -1, 19, 39, -1, 0.17935, 3.79679, 3.0, 1.2, 2.0 },
    { -1, 17, 39, -1, 0.17935, 3.79679, 3.0, 1.2, 2.0 },
    { -1, 20, 39, -1, 0.17935, 3.79679, 3.0, 1.2, 2.0 },
    { -1, 7, 25, -1, 0.17935, 3.79679, 3.0, 1.2, 2.0 },
    { -1, 7, 39, -1, 0.17935, 3.79679, 3.0, 1.2, 2.0 },
    { -1, 26, 39, -1, 0.17935, 3.79679, 3.0, 1.2, 2.0 },
    { -1, 33, 5, -1, 0.0, 0.0, 1.0, 1.2, 2.0 },
    { -1, 33, 23, -1, 0.0, 0.0, 1.0, 1.2, 2.0 },
    { -1, 33, 0, -1, 0.0, 0.0, 1.0, 1.2, 2.0 },
    { -1, 31, 4, -1, 0.0, 0.0, 1.0, 1.2, 2.0 },
    { -1, 31, 19, -1, 0.0, 0.0, 1.0, 1.2, 2.0 },
    { -1, 29, 21, -1, 0.0, 0.0, 1.0, 1.2, 2.0 },
    { -1, 29, 11, -1, 0.0, 0.0, 1.0, 1.2, 2.0 },
    { -1, 29, 2, -1, 0.0, 0.0, 1.0, 1.2, 2.0 },
    { -1, 29, 27, -1, 0.0, 0.0, 1.0, 1.2, 2.0 },
    { -1, 29, 22, -1, 0.0, 0.0, 1.0, 1.2, 2.0 },
    { -1, 29, 25, -1, 0.0, 0.0, 1.0, 1.2, 2.0 },
    { 31, 4, 39, 58, -0.06619, -6.9374, -6.0, 1.2, 2.0 },
    { 31, 4, 39, 58, 0.34564, -19.84422, -5.0, 1.2, 2.0 },
    { 31, 4, 39, 58, 0.07942, 7.35361, -4.0, 1.2, 2.0 },
    { 31, 4, 39, 58, 0.08117, -3.55906, -3.0, 1.2, 2.0 },
    { 31, 4, 39, 58, -0.36328, -8.56147, -2.0, 1.2, 2.0 },
    { 31, 4, 39, 58, -0.38365, 18.22211, 1.0, 1.2, 2.0 },
    { 39, 13, 27, 29, 0.25947, 8.29473, -6.0, 1.2, 2.0 },
    { 39, 13, 27, 29, -0.11789, 6.84615, -5.0, 1.2, 2.0 },
    { 39, 13, 27, 29, 0.27799, -7.79479, -4.0, 1.2, 2.0 },
    { 39, 13, 27, 29, 0.29771, -7.0909, -3.0, 1.2, 2.0 },
    { 39, 13, 27, 29, -0.15372, 19.05051, -2.0, 1.2, 2.0 },
    { 39, 13, 27, 29, -0.38699, -2.18002, 1.0, 1.2, 2.0 },
    { 39, 8, 39, 58, -0.11409, 3.84171, -6.0, 1.2, 2.0 },
    { 39, 8, 39, 58, -0.22286, -17.03534, -5.0, 1.2, 2.0 },
    { 39, 8, 39, 58, 0.04146, -1.14076, -4.0, 1.2, 2.0 },
    { 39, 8, 39, 58, 0.02792, -0.43709, -3.0, 1.2, 2.0 },
    { 39, 8, 39, 58, -0.43329, 3.82597, -2.0, 1.2, 2.0 },
    { 39, 8, 39, 58, 0.42234, 23.29022, 1.0, 1.2, 2.0 },
    { 39, 4, 31, 31, 0.04359, -7.13812, -6.0, 1.2, 2.0 },
    { 39, 4, 31, 31, -0.09536, -7.39699, -5.0, 1.2, 2.0 },
    { 39, 4, 31, 31, -0.21617, -4.60622, -4.0, 1.2, 2.0 },
    { 39, 4, 31, 31, 0.37105, -9.88069, -3.0, 1.2, 2.0 },
    { 39, 4, 31, 31, -0.20547, -5.45981, -2.0, 1.2, 2.0 },
    { 39, 4, 31, 31, -0.13124, -0.32018, 1.0, 1.2, 2.0 },
    { 67, 16, 39, 58, -0.04897, -0.39092, -6.0, 1.2, 2.0 },
    { 67, 16, 39, 58, 0.2297, 4.91973, -5.0, 1.2, 2.0 },
    { 67, 16, 39, 58, 0.13298, -2.40685, -4.0, 1.2, 2.0 },
    { 67, 16, 39, 58, 0.12468, 3.71254, -3.0, 1.2, 2.0 },
    { 67, 16, 39, 58, 0.02259, 0.28345, -2.0, 1.2, 2.0 },
    { 67, 16, 39, 58, 0.43603, 2.44879, 1.0, 1.2, 2.0 },
    { 29, 2, 39, 58, -0.06264, -0.89782, -6.0, 1.2, 2.0 },
    { 29, 2, 39, 58, 0.17494, -9.70165, -5.0, 1.2, 2.0 },
    { 29, 2, 39, 58, 0.36574, -11.01092, -4.0, 1.2, 2.0 },
    { 29, 2, 39, 58, 0.22735, 5.75686, -3.0, 1.2, 2.0 },
    { 29, 2, 39, 58, -0.25686, -8.08835, -2.0, 1.2, 2.0 },
    { 29, 2, 39, 58, -1.34324, 15.7411, 1.0, 1.2, 2.0 },
    { 29, 11, 39, 58, -0.21165, -8.74139, -6.0, 1.2, 2.0 },
    { 29, 11, 39, 58, -0.26193, 0.09968, -5.0, 1.2, 2.0 },
    { 29, 11, 39, 58, 0.24511, 0.38699, -4.0, 1.2, 2.0 },
    { 29, 11, 39, 58, -0.02635, 0.26108, -3.0, 1.2, 2.0 },
    { 29, 11, 39, 58, -0.17028, 0.06945, -2.0, 1.2, 2.0 },
    { 29, 11, 39, 58, -0.71534, -0.32554, 1.0, 1.2, 2.0 },
    { 39, 10, 39, 29, 0.01544, -0.2126, -6.0, 1.2, 2.0 },
    { 39, 10, 39, 29, -0.02655, 0.19548, -5.0, 1.2, 2.0 },
    { 39, 10, 39, 29, -0.0549, 0.29581, -4.0, 1.2, 2.0 },
    { 39, 10, 39, 29, -0.11188, -4.38536, -3.0, 1.2, 2.0 },
    { 39, 10, 39, 29, 0.08477, -1.4065, -2.0, 1.2, 2.0 },
    { 39, 10, 39, 29, -0.09438, -1.97302, 1.0, 1.2, 2.0 },
    { 39, 21, 29, 67, -0.06441, 2.68355, -6.0, 1.2, 2.0 },
    { 39, 21, 29, 67, -0.0106, -1.68387, -5.0, 1.2, 2.0 },
    { 39, 21, 29, 67, 0.09666, 6.63459, -4.0, 1.2, 2.0 },
    { 39, 21, 29, 67, 0.24245, -16.71322, -3.0, 1.2, 2.0 },
    { 39, 21, 29, 67, -0.23233, -3.97655, -2.0, 1.2, 2.0 },
    { 39, 21, 29, 67, -0.45652, -0.1468, 1.0, 1.2, 2.0 },
    { 39, 0, 33, 62, 0.26028, -10.04661, -6.0, 1.2, 2.0 },
    { 39, 0, 33, 62, -0.02524, 2.38098, -5.0, 1.2, 2.0 },
    { 39, 0, 33, 62, 0.0119, 1.20639, -4.0, 1.2, 2.0 },
    { 39, 0, 33, 62, 0.46548, 33.52876, -3.0, 1.2, 2.0 },
    { 39, 0, 33, 62, 0.11082, 5.75122, -2.0, 1.2, 2.0 },
    { 39, 0, 33, 62, -0.44434, 0.78194, 1.0, 1.2, 2.0 },
    { 39, 23, 33, 41, 0.0875, 0.8272, -6.0, 1.2, 2.0 },
    { 39, 23, 33, 41, 0.111, -3.13772, -5.0, 1.2, 2.0 },
    { 39, 23, 33, 41, -0.13795, 9.56277, -4.0, 1.2, 2.0 },
    { 39, 23, 33, 41, -0.23458, 0.2607, -3.0, 1.2, 2.0 },
    { 39, 23, 33, 41, 0.00528, 0.56167, -2.0, 1.2, 2.0 },
    { 39, 23, 33, 41, -0.01275, 0.07436, 1.0, 1.2, 2.0 },
    { 39, 5, 33, 62, -0.14374, 4.62273, -6.0, 1.2, 2.0 },
    { 39, 5, 33, 62, -0.23105, 6.08265, -5.0, 1.2, 2.0 },
    { 39, 5, 33, 62, -0.14777, 2.23998, -4.0, 1.2, 2.0 },
    { 39, 5, 33, 62, 0.4139, 13.33298, -3.0, 1.2, 2.0 },
    { 39, 5, 33, 62, 0.26208, 6.97334, -2.0, 1.2, 2.0 },
    { 39, 5, 33, 62, 0.38891, 11.8973, 1.0, 1.2, 2.0 },
    { 39, 3, 22, 29, -0.30604, 3.54487, -6.0, 1.2, 2.0 },
    { 39, 3, 22, 29, 0.05595, -0.87399, -5.0, 1.2, 2.0 },
    { 39, 3, 22, 29, 0.35815, -2.55571, -4.0, 1.2, 2.0 },
    { 39, 3, 22, 29, -0.7225, -0.64235, -3.0, 1.2, 2.0 },
    { 39, 3, 22, 29, 1.18182, -1.49289, -2.0, 1.2, 2.0 },
    { 39, 3, 22, 29, -0.71143, 26.02053, 1.0, 1.2, 2.0 },
    { 22, 3, 39, 61, 0.31052, -6.13402, -6.0, 1.2, 2.0 },
    { 22, 3, 39, 61, -0.00325, -1.74394, -5.0, 1.2, 2.0 },
    { 22, 3, 39, 61, -0.18598, 1.80568, -4.0, 1.2, 2.0 },
    { 22, 3, 39, 61, -0.22066, -9.53348, -3.0, 1.2, 2.0 },
    { 22, 3, 39, 61, 0.15349, 5.50553, -2.0, 1.2, 2.0 },
    { 22, 3, 39, 61, 0.31997, 0.85863, 1.0, 1.2, 2.0 },
    { 33, 5, 39, 61, -0.19151, -7.76759, -6.0, 1.2, 2.0 },
    { 33, 5, 39, 61, -0.1334, -6.57299, -5.0, 1.2, 2.0 },
    { 33, 5, 39, 61, 0.19042, 5.5248, -4.0, 1.2, 2.0 },
    { 33, 5, 39, 61, 0.15738, -2.19095, -3.0, 1.2, 2.0 },
    { 33, 5, 39, 61, -0.18898, 1.1728, -2.0, 1.2, 2.0 },
    { 33, 5, 39, 61, -0.50729, 14.32624, 1.0, 1.2, 2.0 },
    { 27, 13, 39, 61, -0.2526, 11.53764, -6.0, 1.2, 2.0 },
    { 27, 13, 39, 61, 0.26495, 5.63098, -5.0, 1.2, 2.0 },
    { 27, 13, 39, 61, 0.09825, 0.37438, -4.0, 1.2, 2.0 },
    { 27, 13, 39, 61, -0.07456, 0.23724, -3.0, 1.2, 2.0 },
    { 27, 13, 39, 61, -0.46497, -11.60881, -2.0, 1.2, 2.0 },
    { 27, 13, 39, 61, 0.25172, 0.0, 1.0, 1.2, 2.0 },
    { 39, 10, 39, 58, -0.24003, 3.85539, -6.0, 1.2, 2.0 },
    { 39, 10, 39, 58, 0.05016, -2.73289, -5.0, 1.2, 2.0 },
    { 39, 10, 39, 58, -0.18305, -9.83704, -4.0, 1.2, 2.0 },
    { 39, 10, 39, 58, 0.00808, 0.67675, -3.0, 1.2, 2.0 },
    { 39, 10, 39, 58, -0.18894, -6.46423, -2.0, 1.2, 2.0 },
    { 39, 10, 39, 58, -0.09486, 3.81831, 1.0, 1.2, 2.0 },
    { 33, 0, 39, 61, -0.22169, -7.00849, -6.0, 1.2, 2.0 },
    { 33, 0, 39, 61, -0.49708, -21.35968, -5.0, 1.2, 2.0 },
    { 33, 0, 39, 61, 0.25992, 2.12935, -4.0, 1.2, 2.0 },
    { 33, 0, 39, 61, 0.12647, 1.68375, -3.0, 1.2, 2.0 },
    { 33, 0, 39, 61, 0.22328, -7.87891, -2.0, 1.2, 2.0 },
    { 33, 0, 39, 61, -0.17659, 5.13425, 1.0, 1.2, 2.0 },
    { 25, 7, 39, 29, 0.18301, -10.87717, -6.0, 1.2, 2.0 },
    { 25, 7, 39, 29, -0.07742, -2.46437, -5.0, 1.2, 2.0 },
    { 25, 7, 39, 29, 0.19972, -1.01302, -4.0, 1.2, 2.0 },
    { 25, 7, 39, 29, -0.05809, -3.30495, -3.0, 1.2, 2.0 },
    { 25, 7, 39, 29, -0.25095, 6.43676, -2.0, 1.2, 2.0 },
    { 25, 7, 39, 29, -0.16492, -0.67374, 1.0, 1.2, 2.0 },
    { 39, 12, 39, 29, -0.07791, -0.68826, -6.0, 1.2, 2.0 },
    { 39, 12, 39, 29, 0.25933, 15.11099, -5.0, 1.2, 2.0 },
    { 39, 12, 39, 29, -0.27568, 4.72421, -4.0, 1.2, 2.0 },
    { 39, 12, 39, 29, 0.13984, -6.62422, -3.0, 1.2, 2.0 },
    { 39, 12, 39, 29, 0.36247, -3.70648, -2.0, 1.2, 2.0 },
    { 39, 12, 39, 29, 0.22874, 17.79958, 1.0, 1.2, 2.0 },
    { 39, 0, 33, 41, -0.19716, 14.74167, -6.0, 1.2, 2.0 },
    { 39, 0, 33, 41, -0.05287, -2.41322, -5.0, 1.2, 2.0 },
    { 39, 0, 33, 41, 0.33199, 6.04964, -4.0, 1.2, 2.0 },
    { 39, 0, 33, 41, -0.42374, 21.91396, -3.0, 1.2, 2.0 },
    { 39, 0, 33, 41, 0.10014, 3.62626, -2.0, 1.2, 2.0 },
    { 39, 0, 33, 41, 0.50777, 1.93584, 1.0, 1.2, 2.0 },
    { 29, 2, 39, 61, -0.06264, -0.89782, -6.0, 1.2, 2.0 },
    { 29, 2, 39, 61, 0.17494, -9.70165, -5.0, 1.2, 2.0 },
    { 29, 2, 39, 61, 0.36574, -11.01092, -4.0, 1.2, 2.0 },
    { 29, 2, 39, 61, 0.22735, 5.75686, -3.0, 1.2, 2.0 },
    { 29, 2, 39, 61, -0.25686, -8.08835, -2.0, 1.2, 2.0 },
    { 29, 2, 39, 61, -1.34324, 15.7411, 1.0, 1.2, 2.0 },
    { 39, 9, 39, 29, 0.06637, 0.10532, -6.0, 1.2, 2.0 },
    { 39, 9, 39, 29, 0.05662, 0.53318, -5.0, 1.2, 2.0 },
    { 39, 9, 39, 29, -0.01841, 0.11137, -4.0, 1.2, 2.0 },
    { 39, 9, 39, 29, -0.08432, -0.37054, -3.0, 1.2, 2.0 },
    { 39, 9, 39, 29, -0.06429, 1.14474, -2.0, 1.2, 2.0 },
    { 39, 9, 39, 29, 0.21803, 0.48285, 1.0, 1.2, 2.0 },
    { 39, 6, 39, 29, 0.10017, -2.6251, -6.0, 1.2, 2.0 },
    { 39, 6, 39, 29, 0.05885, 0.14512, -5.0, 1.2, 2.0 },
    { 39, 6, 39, 29, 0.09619, 0.9158, -4.0, 1.2, 2.0 },
    { 39, 6, 39, 29, -0.04887, -3.01786, -3.0, 1.2, 2.0 },
    { 39, 6, 39, 29, -0.3104, 3.80721, -2.0, 1.2, 2.0 },
    { 39, 6, 39, 29, 0.02026, -0.19755, 1.0, 1.2, 2.0 },
    { 67, 15, 39, 58, -0.35162, -0.55431, -6.0, 1.2, 2.0 },
    { 67, 15, 39, 58, 0.25497, 5.93264, -5.0, 1.2, 2.0 },
    { 67, 15, 39, 58, 0.08914, -2.36088, -4.0, 1.2, 2.0 },
    { 67, 15, 39, 58, 0.22134, 6.21518, -3.0, 1.2, 2.0 },
    { 67, 15, 39, 58, -0.27736, 1.8484, -2.0, 1.2, 2.0 },
    { 67, 15, 39, 58, 0.25883, -9.46711, 1.0, 1.2, 2.0 },
    { 24, 6, 39, 61, -0.15237, 1.02002, -6.0, 1.2, 2.0 },
    { 24, 6, 39, 61, -0.00564, 0.0, -5.0, 1.2, 2.0 },
    { 24, 6, 39, 61, 0.05171, 0.13159, -4.0, 1.2, 2.0 },
    { 24, 6, 39, 61, 0.141, 6.43746, -3.0, 1.2, 2.0 },
    { 24, 6, 39, 61, -0.30499, 0.8981, -2.0, 1.2, 2.0 },
    { 24, 6, 39, 61, 0.05783, -0.48806, 1.0, 1.2, 2.0 },
    { 33, 23, 39, 58, -0.24222, 7.87241, -6.0, 1.2, 2.0 },
    { 33, 23, 39, 58, -0.19112, 2.3616, -5.0, 1.2, 2.0 },
    { 33, 23, 39, 58, 0.09358, -1.09343, -4.0, 1.2, 2.0 },
    { 33, 23, 39, 58, 0.00223, 1.13821, -3.0, 1.2, 2.0 },
    { 33, 23, 39, 58, -0.21921, -7.5136, -2.0, 1.2, 2.0 },
    { 33, 23, 39, 58, -0.60622, 14.35415, 1.0, 1.2, 2.0 },
    { 30, 18, 39, 29, -0.02425, -0.53953, -6.0, 1.2, 2.0 },
    { 30, 18, 39, 29, 0.05275, -0.87177, -5.0, 1.2, 2.0 },
    { 30, 18, 39, 29, 0.04611, 0.0, -4.0, 1.2, 2.0 },
    { 30, 18, 39, 29, -0.06075, 0.19742, -3.0, 1.2, 2.0 },
    { 30, 18, 39, 29, -0.10492, 5.71958, -2.0, 1.2, 2.0 },
    { 30, 18, 39, 29, -0.42389, -10.9368, 1.0, 1.2, 2.0 },
    { 39, 23, 33, 63, -0.01906, 0.0, -6.0, 1.2, 2.0 },
    { 39, 23, 33, 63, -0.01425, -1.12354, -5.0, 1.2, 2.0 },
    { 39, 23, 33, 63, -0.19866, 13.9266, -4.0, 1.2, 2.0 },
    { 39, 23, 33, 63, 0.22168, 1.91897, -3.0, 1.2, 2.0 },
    { 39, 23, 33, 63, -0.02502, 1.50621, -2.0, 1.2, 2.0 },
    { 39, 23, 33, 63, 0.12449, 0.78997, 1.0, 1.2, 2.0 },
    { 39, 19, 31, 31, -0.01147, 2.2529, -6.0, 1.2, 2.0 },
    { 39, 19, 31, 31, -0.01272, -0.16446, -5.0, 1.2, 2.0 },
    { 39, 19, 31, 31, -0.1917, -22.33394, -4.0, 1.2, 2.0 },
    { 39, 19, 31, 31, 0.24858, -1.50453, -3.0, 1.2, 2.0 },
    { 39, 19, 31, 31, -0.18935, 12.67642, -2.0, 1.2, 2.0 },
    { 39, 19, 31, 31, -0.08756, 0.14623, 1.0, 1.2, 2.0 },
    { 33, 23, 39, 29, -0.02282, -2.83072, -6.0, 1.2, 2.0 },
    { 33, 23, 39, 29, -0.06262, -0.09658, -5.0, 1.2, 2.0 },
    { 33, 23, 39, 29, -0.07543, 0.34109, -4.0, 1.2, 2.0 },
    { 33, 23, 39, 29, -0.07409, 0.06518, -3.0, 1.2, 2.0 },
    { 33, 23, 39, 29, -0.12167, 3.4725, -2.0, 1.2, 2.0 },
    { 33, 23, 39, 29, 0.02249, 1.45356, 1.0, 1.2, 2.0 },
    { 29, 21, 39, 58, 0.1193, -2.72504, -6.0, 1.2, 2.0 },
    { 29, 21, 39, 58, 0.05395, -1.66843, -5.0, 1.2, 2.0 },
    { 29, 21, 39, 58, 0.04073, -1.34128, -4.0, 1.2, 2.0 },
    { 29, 21, 39, 58, -0.12818, -5.99708, -3.0, 1.2, 2.0 },
    { 29, 21, 39, 58, -0.17441, -0.12167, -2.0, 1.2, 2.0 },
    { 29, 21, 39, 58, -0.82148, 0.71101, 1.0, 1.2, 2.0 },
    { 39, 18, 30, 41, 0.08717, 0.59101, -6.0, 1.2, 2.0 },
    { 39, 18, 30, 41, 0.0132, 0.23708, -5.0, 1.2, 2.0 },
    { 39, 18, 30, 41, -0.13745, 2.50862, -4.0, 1.2, 2.0 },
    { 39, 18, 30, 41, 0.10778, -3.12306, -3.0, 1.2, 2.0 },
    { 39, 18, 30, 41, 0.09528, 4.82813, -2.0, 1.2, 2.0 },
    { 39, 18, 30, 41, -0.11215, -2.20784, 1.0, 1.2, 2.0 },
    { 24, 6, 39, 29, 0.02482, -0.07087, -6.0, 1.2, 2.0 },
    { 24, 6, 39, 29, 0.02835, 0.60899, -5.0, 1.2, 2.0 },
    { 24, 6, 39, 29, 0.02639, -0.21819, -4.0, 1.2, 2.0 },
    { 24, 6, 39, 29, 0.15855, 6.28339, -3.0, 1.2, 2.0 },
    { 24, 6, 39, 29, 0.30443, -8.32032, -2.0, 1.2, 2.0 },
    { 24, 6, 39, 29, -0.0732, -0.44444, 1.0, 1.2, 2.0 },
    { 22, 3, 39, 29, -0.47259, 7.83164, -6.0, 1.2, 2.0 },
    { 22, 3, 39, 29, 0.06058, -1.32713, -5.0, 1.2, 2.0 },
    { 22, 3, 39, 29, 0.10925, -2.11551, -4.0, 1.2, 2.0 },
    { 22, 3, 39, 29, 0.16172, 3.86939, -3.0, 1.2, 2.0 },
    { 22, 3, 39, 29, -0.08194, -0.59558, -2.0, 1.2, 2.0 },
    { 22, 3, 39, 29, -0.02095, 0.0, 1.0, 1.2, 2.0 },
    { 33, 0, 39, 58, -0.22169, -7.00849, -6.0, 1.2, 2.0 },
    { 33, 0, 39, 58, -0.49708, -21.35968, -5.0, 1.2, 2.0 },
    { 33, 0, 39, 58, 0.25992, 2.12935, -4.0, 1.2, 2.0 },
    { 33, 0, 39, 58, 0.12647, 1.68375, -3.0, 1.2, 2.0 },
    { 33, 0, 39, 58, 0.22328, -7.87891, -2.0, 1.2, 2.0 },
    { 33, 0, 39, 58, -0.17659, 5.13425, 1.0, 1.2, 2.0 },
    { 39, 1, 72, 52, -0.12614, -10.60035, -6.0, 1.2, 2.0 },
    { 39, 1, 72, 52, -0.25351, -10.73411, -5.0, 1.2, 2.0 },
    { 39, 1, 72, 52, 0.07242, -7.25889, -4.0, 1.2, 2.0 },
    { 39, 1, 72, 52, 0.10651, 0.63615, -3.0, 1.2, 2.0 },
    { 39, 1, 72, 52, 0.61666, -12.3949, -2.0, 1.2, 2.0 },
    { 39, 1, 72, 52, -0.68184, -4.06467, 1.0, 1.2, 2.0 },
    { 30, 18, 39, 61, -0.00159, -0.14161, -6.0, 1.2, 2.0 },
    { 30, 18, 39, 61, 0.01659, 0.2171, -5.0, 1.2, 2.0 },
    { 30, 18, 39, 61, 0.01672, 0.80494, -4.0, 1.2, 2.0 },
    { 30, 18, 39, 61, 0.01754, 0.19784, -3.0, 1.2, 2.0 },
    { 30, 18, 39, 61, -0.51862, -9.19138, -2.0, 1.2, 2.0 },
    { 30, 18, 39, 61, -0.2231, 11.12449, 1.0, 1.2, 2.0 },
    { 29, 2, 39, 29, 0.15508, -2.67725, -6.0, 1.2, 2.0 },
    { 29, 2, 39, 29, 0.21918, 4.13172, -5.0, 1.2, 2.0 },
    { 29, 2, 39, 29, -0.35656, 6.39544, -4.0, 1.2, 2.0 },
    { 29, 2, 39, 29, 0.06168, 2.5405, -3.0, 1.2, 2.0 },
    { 29, 2, 39, 29, -0.1431, 3.5809, -2.0, 1.2, 2.0 },
    { 29, 2, 39, 29, -0.5018, -49.30767, 1.0, 1.2, 2.0 },
    { 39, 5, 33, 40, 0.09755, -8.65287, -6.0, 1.2, 2.0 },
    { 39, 5, 33, 40, 0.20656, 13.02386, -5.0, 1.2, 2.0 },
    { 39, 5, 33, 40, -0.16817, 7.82195, -4.0, 1.2, 2.0 },
    { 39, 5, 33, 40, -0.04828, 2.11452, -3.0, 1.2, 2.0 },
    { 39, 5, 33, 40, 0.39382, 8.65618, -2.0, 1.2, 2.0 },
    { 39, 5, 33, 40, -0.34848, 9.38186, 1.0, 1.2, 2.0 },
    { 29, 11, 39, 29, 0.15534, 9.26198, -6.0, 1.2, 2.0 },
    { 29, 11, 39, 29, -0.04748, 0.85911, -5.0, 1.2, 2.0 },
    { 29, 11, 39, 29, -0.18491, 4.85438, -4.0, 1.2, 2.0 },
    { 29, 11, 39, 29, -0.19189, 5.47055, -3.0, 1.2, 2.0 },
    { 29, 11, 39, 29, 0.04689, -0.19478, -2.0, 1.2, 2.0 },
    { 29, 11, 39, 29, 0.57074, 22.79098, 1.0, 1.2, 2.0 },
    { 39, 17, 39, 58, -0.07664, 1.53903, -6.0, 1.2, 2.0 },
    { 39, 17, 39, 58, -0.08416, 2.47479, -5.0, 1.2, 2.0 },
    { 39, 17, 39, 58, 0.00086, 0.15537, -4.0, 1.2, 2.0 },
    { 39, 17, 39, 58, 0.1382, 6.8638, -3.0, 1.2, 2.0 },
    { 39, 17, 39, 58, -0.20124, -6.40197, -2.0, 1.2, 2.0 },
    { 39, 17, 39, 58, 0.18677, -2.87585, 1.0, 1.2, 2.0 },
    { 39, 12, 39, 58, -0.04127, -1.66549, -6.0, 1.2, 2.0 },
    { 39, 12, 39, 58, 0.04168, -0.2121, -5.0, 1.2, 2.0 },
    { 39, 12, 39, 58, 0.11202, -5.34094, -4.0, 1.2, 2.0 },
    { 39, 12, 39, 58, 0.29177, -18.65695, -3.0, 1.2, 2.0 },
    { 39, 12, 39, 58, 0.23101, -14.56677, -2.0, 1.2, 2.0 },
    { 39, 12, 39, 58, 0.05698, -2.30569, 1.0, 1.2, 2.0 },
    { 24, 6, 39, 58, -0.15237, 1.02002, -6.0, 1.2, 2.0 },
    { 24, 6, 39, 58, -0.00564, 0.0, -5.0, 1.2, 2.0 },
    { 24, 6, 39, 58, 0.05171, 0.13159, -4.0, 1.2, 2.0 },
    { 24, 6, 39, 58, 0.141, 6.43746, -3.0, 1.2, 2.0 },
    { 24, 6, 39, 58, -0.30499, 0.8981, -2.0, 1.2, 2.0 },
    { 24, 6, 39, 58, 0.05783, -0.48806, 1.0, 1.2, 2.0 },
    { 39, 9, 39, 58, -0.12119, -0.56812, -6.0, 1.2, 2.0 },
    { 39, 9, 39, 58, 0.11425, -0.54214, -5.0, 1.2, 2.0 },
    { 39, 9, 39, 58, 0.26597, 7.5928, -4.0, 1.2, 2.0 },
    { 39, 9, 39, 58, -0.04216, -0.29594, -3.0, 1.2, 2.0 },
    { 39, 9, 39, 58, -0.10934, -1.94519, -2.0, 1.2, 2.0 },
    { 39, 9, 39, 58, -0.10362, -1.0513, 1.0, 1.2, 2.0 },
    { 33, 23, 39, 61, -0.24222, 7.87241, -6.0, 1.2, 2.0 },
    { 33, 23, 39, 61, -0.19112, 2.3616, -5.0, 1.2, 2.0 },
    { 33, 23, 39, 61, 0.09358, -1.09343, -4.0, 1.2, 2.0 },
    { 33, 23, 39, 61, 0.00223, 1.13821, -3.0, 1.2, 2.0 },
    { 33, 23, 39, 61, -0.21921, -7.5136, -2.0, 1.2, 2.0 },
    { 33, 23, 39, 61, -0.60622, 14.35415, 1.0, 1.2, 2.0 },
    { 39, 10, 39, 71, 0.16456, 9.34058, -6.0, 1.2, 2.0 },
    { 39, 10, 39, 71, 0.42475, -1.41803, -5.0, 1.2, 2.0 },
    { 39, 10, 39, 71, 0.20886, -11.57799, -4.0, 1.2, 2.0 },
    { 39, 10, 39, 71, 0.11607, -15.15469, -3.0, 1.2, 2.0 },
    { 39, 10, 39, 71, 0.06821, -2.00308, -2.0, 1.2, 2.0 },
    { 39, 10, 39, 71, -0.34378, 6.58214, 1.0, 1.2, 2.0 },
    { 39, 26, 39, 29, -0.14118, -7.81995, -6.0, 1.2, 2.0 },
    { 39, 26, 39, 29, 0.01333, -0.2466, -5.0, 1.2, 2.0 },
    { 39, 26, 39, 29, 0.01606, 0.19583, -4.0, 1.2, 2.0 },
    { 39, 26, 39, 29, 0.00865, -2.50384, -3.0, 1.2, 2.0 },
    { 39, 26, 39, 29, 0.01471, -0.34357, -2.0, 1.2, 2.0 },
    { 39, 26, 39, 29, -0.13475, -2.52896, 1.0, 1.2, 2.0 },
    { 67, 15, 39, 29, -0.17954, 7.34689, -6.0, 1.2, 2.0 },
    { 67, 15, 39, 29, 0.06427, 1.82612, -5.0, 1.2, 2.0 },
    { 67, 15, 39, 29, -0.12586, -1.18855, -4.0, 1.2, 2.0 },
    { 67, 15, 39, 29, 0.01105, 0.47694, -3.0, 1.2, 2.0 },
    { 67, 15, 39, 29, 0.18826, -1.38294, -2.0, 1.2, 2.0 },
    { 67, 15, 39, 29, -0.55582, -2.7966, 1.0, 1.2, 2.0 },
    { 72, 20, 39, 29, 0.07226, 1.30256, -6.0, 1.2, 2.0 },
    { 72, 20, 39, 29, 0.06268, 0.79137, -5.0, 1.2, 2.0 },
    { 72, 20, 39, 29, 0.03114, 0.79192, -4.0, 1.2, 2.0 },
    { 72, 20, 39, 29, 0.01879, -1.02571, -3.0, 1.2, 2.0 },
    { 72, 20, 39, 29, 0.21379, -3.75459, -2.0, 1.2, 2.0 },
    { 72, 20, 39, 29, -0.55277, -2.73953, 1.0, 1.2, 2.0 },
    { 33, 5, 39, 58, -0.19151, -7.76759, -6.0, 1.2, 2.0 },
    { 33, 5, 39, 58, -0.1334, -6.57299, -5.0, 1.2, 2.0 },
    { 33, 5, 39, 58, 0.19042, 5.5248, -4.0, 1.2, 2.0 },
    { 33, 5, 39, 58, 0.15738, -2.19095, -3.0, 1.2, 2.0 },
    { 33, 5, 39, 58, -0.18898, 1.1728, -2.0, 1.2, 2.0 },
    { 33, 5, 39, 58, -0.50729, 14.32624, 1.0, 1.2, 2.0 },
    { 33, 5, 39, 29, 0.06835, 5.78489, -6.0, 1.2, 2.0 },
    { 33, 5, 39, 29, -0.15732, 1.36089, -5.0, 1.2, 2.0 },
    { 33, 5, 39, 29, -0.04825, 1.75887, -4.0, 1.2, 2.0 },
    { 33, 5, 39, 29, -0.09045, 1.27386, -3.0, 1.2, 2.0 },
    { 33, 5, 39, 29, 0.15405, -2.38553, -2.0, 1.2, 2.0 },
    { 33, 5, 39, 29, -0.17129, -9.81504, 1.0, 1.2, 2.0 },
    { 67, 15, 39, 61, -0.35162, -0.55431, -6.0, 1.2, 2.0 },
    { 67, 15, 39, 61, 0.25497, 5.93264, -5.0, 1.2, 2.0 },
    { 67, 15, 39, 61, 0.08914, -2.36088, -4.0, 1.2, 2.0 },
    { 67, 15, 39, 61, 0.22134, 6.21518, -3.0, 1.2, 2.0 },
    { 67, 15, 39, 61, -0.27736, 1.8484, -2.0, 1.2, 2.0 },
    { 67, 15, 39, 61, 0.25883, -9.46711, 1.0, 1.2, 2.0 },
    { 29, 21, 39, 29, -0.08582, -1.89785, -6.0, 1.2, 2.0 },
    { 29, 21, 39, 29, -0.07722, 1.64545, -5.0, 1.2, 2.0 },
    { 29, 21, 39, 29, -0.05333, -0.51752, -4.0, 1.2, 2.0 },
    { 29, 21, 39, 29, 0.05232, 2.99075, -3.0, 1.2, 2.0 },
    { 29, 21, 39, 29, 0.03217, 0.0, -2.0, 1.2, 2.0 },
    { 29, 21, 39, 29, 0.67236, 28.83185, 1.0, 1.2, 2.0 },
    { 39, 9, 39, 61, -0.12119, -0.56812, -6.0, 1.2, 2.0 },
    { 39, 9, 39, 61, 0.11425, -0.54214, -5.0, 1.2, 2.0 },
    { 39, 9, 39, 61, 0.26597, 7.5928, -4.0, 1.2, 2.0 },
    { 39, 9, 39, 61, -0.04216, -0.29594, -3.0, 1.2, 2.0 },
    { 39, 9, 39, 61, -0.10934, -1.94519, -2.0, 1.2, 2.0 },
    { 39, 9, 39, 61, -0.10362, -1.0513, 1.0, 1.2, 2.0 },
    { 39, 6, 39, 58, -0.09852, 3.87382, -6.0, 1.2, 2.0 },
    { 39, 6, 39, 58, -0.09398, -1.41357, -5.0, 1.2, 2.0 },
    { 39, 6, 39, 58, 0.09682, 0.0, -4.0, 1.2, 2.0 },
    { 39, 6, 39, 58, -0.11727, -6.57252, -3.0, 1.2, 2.0 },
    { 39, 6, 39, 58, 0.07069, 2.14921, -2.0, 1.2, 2.0 },
    { 39, 6, 39, 58, 0.09773, 0.87579, 1.0, 1.2, 2.0 },
    { 27, 13, 39, 29, 0.44484, -23.52473, -6.0, 1.2, 2.0 },
    { 27, 13, 39, 29, -0.4354, 14.02737, -5.0, 1.2, 2.0 },
    { 27, 13, 39, 29, -0.22869, 0.85241, -4.0, 1.2, 2.0 },
    { 27, 13, 39, 29, -0.35412, -4.85317, -3.0, 1.2, 2.0 },
    { 27, 13, 39, 29, -0.05498, 0.45599, -2.0, 1.2, 2.0 },
    { 27, 13, 39, 29, -0.1278, 4.3892, 1.0, 1.2, 2.0 },
    { 39, 17, 39, 61, -0.07664, 1.53903, -6.0, 1.2, 2.0 },
    { 39, 17, 39, 61, -0.08416, 2.47479, -5.0, 1.2, 2.0 },
    { 39, 17, 39, 61, 0.00086, 0.15537, -4.0, 1.2, 2.0 },
    { 39, 17, 39, 61, 0.1382, 6.8638, -3.0, 1.2, 2.0 },
    { 39, 17, 39, 61, -0.20124, -6.40197, -2.0, 1.2, 2.0 },
    { 39, 17, 39, 61, 0.18677, -2.87585, 1.0, 1.2, 2.0 },
    { 30, 18, 39, 58, -0.00159, -0.14161, -6.0, 1.2, 2.0 },
    { 30, 18, 39, 58, 0.01659, 0.2171, -5.0, 1.2, 2.0 },
    { 30, 18, 39, 58, 0.01672, 0.80494, -4.0, 1.2, 2.0 },
    { 30, 18, 39, 58, 0.01754, 0.19784, -3.0, 1.2, 2.0 },
    { 30, 18, 39, 58, -0.51862, -9.19138, -2.0, 1.2, 2.0 },
    { 30, 18, 39, 58, -0.2231, 11.12449, 1.0, 1.2, 2.0 },
    { 72, 20, 39, 58, -0.26663, -17.62098, -6.0, 1.2, 2.0 },
    { 72, 20, 39, 58, 0.51746, -20.85956, -5.0, 1.2, 2.0 },
    { 72, 20, 39, 58, -0.18744, 6.37393, -4.0, 1.2, 2.0 },
    { 72, 20, 39, 58, 0.07247, -5.11508, -3.0, 1.2, 2.0 },
    { 72, 20, 39, 58, -0.32688, 0.09572, -2.0, 1.2, 2.0 },
    { 72, 20, 39, 58, 0.40124, -15.84345, 1.0, 1.2, 2.0 },
    { 28, 16, 39, 58, -0.0926, 0.18862, -6.0, 1.2, 2.0 },
    { 28, 16, 39, 58, -0.24745, -4.95506, -5.0, 1.2, 2.0 },
    { 28, 16, 39, 58, -0.17275, -1.8146, -4.0, 1.2, 2.0 },
    { 28, 16, 39, 58, 0.2026, 3.78789, -3.0, 1.2, 2.0 },
    { 28, 16, 39, 58, 0.00662, -0.13059, -2.0, 1.2, 2.0 },
    { 28, 16, 39, 58, -0.1564, 6.1907, 1.0, 1.2, 2.0 },
    { 27, 13, 39, 58, -0.2526, 11.53764, -6.0, 1.2, 2.0 },
    { 27, 13, 39, 58, 0.26495, 5.63098, -5.0, 1.2, 2.0 },
    { 27, 13, 39, 58, 0.09825, 0.37438, -4.0, 1.2, 2.0 },
    { 27, 13, 39, 58, -0.07456, 0.23724, -3.0, 1.2, 2.0 },
    { 27, 13, 39, 58, -0.46497, -11.60881, -2.0, 1.2, 2.0 },
    { 27, 13, 39, 58, 0.25172, 0.0, 1.0, 1.2, 2.0 },
    { 39, 7, 25, 29, -0.06964, -9.39616, -6.0, 1.2, 2.0 },
    { 39, 7, 25, 29, -0.10191, -8.53028, -5.0, 1.2, 2.0 },
    { 39, 7, 25, 29, 0.01435, -0.65531, -4.0, 1.2, 2.0 },
    { 39, 7, 25, 29, -0.22066, 20.22471, -3.0, 1.2, 2.0 },
    { 39, 7, 25, 29, 0.39874, 15.01174, -2.0, 1.2, 2.0 },
    { 39, 7, 25, 29, 0.32635, 2.68071, 1.0, 1.2, 2.0 },
    { 67, 16, 39, 29, -0.03236, 2.95794, -6.0, 1.2, 2.0 },
    { 67, 16, 39, 29, 0.12952, -3.63891, -5.0, 1.2, 2.0 },
    { 67, 16, 39, 29, 0.05213, 1.1491, -4.0, 1.2, 2.0 },
    { 67, 16, 39, 29, 0.12956, 4.6203, -3.0, 1.2, 2.0 },
    { 67, 16, 39, 29, -0.05641, -0.82034, -2.0, 1.2, 2.0 },
    { 67, 16, 39, 29, -0.37697, 12.80273, 1.0, 1.2, 2.0 },
    { 31, 19, 39, 29, 0.22516, 6.80632, -6.0, 1.2, 2.0 },
    { 31, 19, 39, 29, 0.11373, 2.43664, -5.0, 1.2, 2.0 },
    { 31, 19, 39, 29, 0.0602, -0.85621, -4.0, 1.2, 2.0 },
    { 31, 19, 39, 29, -0.05453, 0.94721, -3.0, 1.2, 2.0 },
    { 31, 19, 39, 29, 0.0319, -0.54857, -2.0, 1.2, 2.0 },
    { 31, 19, 39, 29, -0.24688, -10.05951, 1.0, 1.2, 2.0 },
    { 72, 1, 39, 58, -0.26325, -12.79487, -6.0, 1.2, 2.0 },
    { 72, 1, 39, 58, 0.15362, -1.31762, -5.0, 1.2, 2.0 },
    { 72, 1, 39, 58, 0.2033, -0.0849, -4.0, 1.2, 2.0 },
    { 72, 1, 39, 58, 0.06853, -2.63254, -3.0, 1.2, 2.0 },
    { 72, 1, 39, 58, -0.42729, -1.77006, -2.0, 1.2, 2.0 },
    { 72, 1, 39, 58, -0.11485, 6.9154, 1.0, 1.2, 2.0 },
    { 39, 8, 39, 61, -0.11409, 3.84171, -6.0, 1.2, 2.0 },
    { 39, 8, 39, 61, -0.22286, -17.03534, -5.0, 1.2, 2.0 },
    { 39, 8, 39, 61, 0.04146, -1.14076, -4.0, 1.2, 2.0 },
    { 39, 8, 39, 61, 0.02792, -0.43709, -3.0, 1.2, 2.0 },
    { 39, 8, 39, 61, -0.43329, 3.82597, -2.0, 1.2, 2.0 },
    { 39, 8, 39, 61, 0.42234, 23.29022, 1.0, 1.2, 2.0 },
    { 72, 1, 39, 29, 0.07086, 3.4041, -6.0, 1.2, 2.0 },
    { 72, 1, 39, 29, -0.02527, 1.4469, -5.0, 1.2, 2.0 },
    { 72, 1, 39, 29, 0.00049, 0.08362, -4.0, 1.2, 2.0 },
    { 72, 1, 39, 29, -0.03191, -0.29896, -3.0, 1.2, 2.0 },
    { 72, 1, 39, 29, 0.15982, -1.94665, -2.0, 1.2, 2.0 },
    { 72, 1, 39, 29, -0.53096, -7.99125, 1.0, 1.2, 2.0 },
    { 67, 16, 39, 61, -0.04897, -0.39092, -6.0, 1.2, 2.0 },
    { 67, 16, 39, 61, 0.2297, 4.91973, -5.0, 1.2, 2.0 },
    { 67, 16, 39, 61, 0.13298, -2.40685, -4.0, 1.2, 2.0 },
    { 67, 16, 39, 61, 0.12468, 3.71254, -3.0, 1.2, 2.0 },
    { 67, 16, 39, 61, 0.02259, 0.28345, -2.0, 1.2, 2.0 },
    { 67, 16, 39, 61, 0.43603, 2.44879, 1.0, 1.2, 2.0 },
    { 39, 11, 29, 65, -0.00487, -0.12319, -6.0, 1.2, 2.0 },
    { 39, 11, 29, 65, -0.10505, 9.21652, -5.0, 1.2, 2.0 },
    { 39, 11, 29, 65, -0.03531, 0.38956, -4.0, 1.2, 2.0 },
    { 39, 11, 29, 65, 0.39415, 1.00256, -3.0, 1.2, 2.0 },
    { 39, 11, 29, 65, -0.27431, -6.73293, -2.0, 1.2, 2.0 },
    { 39, 11, 29, 65, -0.00012, 1.64946, 1.0, 1.2, 2.0 },
    { 29, 11, 39, 61, -0.21165, -8.74139, -6.0, 1.2, 2.0 },
    { 29, 11, 39, 61, -0.26193, 0.09968, -5.0, 1.2, 2.0 },
    { 29, 11, 39, 61, 0.24511, 0.38699, -4.0, 1.2, 2.0 },
    { 29, 11, 39, 61, -0.02635, 0.26108, -3.0, 1.2, 2.0 },
    { 29, 11, 39, 61, -0.17028, 0.06945, -2.0, 1.2, 2.0 },
    { 29, 11, 39, 61, -0.71534, -0.32554, 1.0, 1.2, 2.0 },
    { 33, 0, 39, 29, 0.40279, 10.17815, -6.0, 1.2, 2.0 },
    { 33, 0, 39, 29, -0.36865, 14.95166, -5.0, 1.2, 2.0 },
    { 33, 0, 39, 29, 0.01379, 0.07759, -4.0, 1.2, 2.0 },
    { 33, 0, 39, 29, 0.26958, -0.36682, -3.0, 1.2, 2.0 },
    { 33, 0, 39, 29, 0.36111, 10.95568, -2.0, 1.2, 2.0 },
    { 33, 0, 39, 29, -0.20844, -4.98754, 1.0, 1.2, 2.0 },
    { 22, 3, 39, 58, 0.31052, -6.13402, -6.0, 1.2, 2.0 },
    { 22, 3, 39, 58, -0.00325, -1.74394, -5.0, 1.2, 2.0 },
    { 22, 3, 39, 58, -0.18598, 1.80568, -4.0, 1.2, 2.0 },
    { 22, 3, 39, 58, -0.22066, -9.53348, -3.0, 1.2, 2.0 },
    { 22, 3, 39, 58, 0.15349, 5.50553, -2.0, 1.2, 2.0 },
    { 22, 3, 39, 58, 0.31997, 0.85863, 1.0, 1.2, 2.0 },
    { 39, 14, 39, 61, -0.47203, -24.4012, -6.0, 1.2, 2.0 },
    { 39, 14, 39, 61, -1.02191, -6.45273, -5.0, 1.2, 2.0 },
    { 39, 14, 39, 61, -0.88608, 27.23703, -4.0, 1.2, 2.0 },
    { 39, 14, 39, 61, -0.2678, 19.53317, -3.0, 1.2, 2.0 },
    { 39, 14, 39, 61, -0.11821, 1.21944, -2.0, 1.2, 2.0 },
    { 39, 14, 39, 61, 0.62113, 15.26949, 1.0, 1.2, 2.0 },
    { 39, 14, 39, 58, -0.47203, -24.4012, -6.0, 1.2, 2.0 },
    { 39, 14, 39, 58, -1.02191, -6.45273, -5.0, 1.2, 2.0 },
    { 39, 14, 39, 58, -0.88608, 27.23703, -4.0, 1.2, 2.0 },
    { 39, 14, 39, 58, -0.2678, 19.53317, -3.0, 1.2, 2.0 },
    { 39, 14, 39, 58, -0.11821, 1.21944, -2.0, 1.2, 2.0 },
    { 39, 14, 39, 58, 0.62113, 15.26949, 1.0, 1.2, 2.0 },
    { 39, 26, 39, 58, -0.03874, -1.85043, -6.0, 1.2, 2.0 },
    { 39, 26, 39, 58, -0.12016, 2.3188, -5.0, 1.2, 2.0 },
    { 39, 26, 39, 58, 0.18921, 3.18731, -4.0, 1.2, 2.0 },
    { 39, 26, 39, 58, 0.11491, -1.84602, -3.0, 1.2, 2.0 },
    { 39, 26, 39, 58, -0.66566, -13.12, -2.0, 1.2, 2.0 },
    { 39, 26, 39, 58, -0.20884, 5.28041, 1.0, 1.2, 2.0 },
    { 28, 16, 39, 29, -0.14247, 7.61312, -6.0, 1.2, 2.0 },
    { 28, 16, 39, 29, 0.22234, 5.63634, -5.0, 1.2, 2.0 },
    { 28, 16, 39, 29, 0.10908, -2.74557, -4.0, 1.2, 2.0 },
    { 28, 16, 39, 29, 0.20054, 6.03734, -3.0, 1.2, 2.0 },
    { 28, 16, 39, 29, -0.06778, 0.90745, -2.0, 1.2, 2.0 },
    { 28, 16, 39, 29, -0.25829, -10.47655, 1.0, 1.2, 2.0 },
    { 39, 17, 39, 29, 0.06151, -0.90846, -6.0, 1.2, 2.0 },
    { 39, 17, 39, 29, 0.21682, 0.26388, -5.0, 1.2, 2.0 },
    { 39, 17, 39, 29, 0.09356, -0.54185, -4.0, 1.2, 2.0 },
    { 39, 17, 39, 29, 0.08863, 4.2563, -3.0, 1.2, 2.0 },
    { 39, 17, 39, 29, -0.24372, 6.29867, -2.0, 1.2, 2.0 },
    { 39, 17, 39, 29, -0.18914, 0.9032, 1.0, 1.2, 2.0 },
    { 39, 14, 39, 29, -0.40862, 26.91024, -6.0, 1.2, 2.0 },
    { 39, 14, 39, 29, 0.7142, 57.43907, -5.0, 1.2, 2.0 },
    { 39, 14, 39, 29, 0.76393, -47.30938, -4.0, 1.2, 2.0 },
    { 39, 14, 39, 29, 0.08245, 12.74992, -3.0, 1.2, 2.0 },
    { 39, 14, 39, 29, -0.04806, 3.67223, -2.0, 1.2, 2.0 },
    { 39, 14, 39, 29, -0.01753, 1.98889, 1.0, 1.2, 2.0 },
    { 31, 4, 39, 61, -0.06619, -6.9374, -6.0, 1.2, 2.0 },
    { 31, 4, 39, 61, 0.34564, -19.84422, -5.0, 1.2, 2.0 },
    { 31, 4, 39, 61, 0.07942, 7.35361, -4.0, 1.2, 2.0 },
    { 31, 4, 39, 61, 0.08117, -3.55906, -3.0, 1.2, 2.0 },
    { 31, 4, 39, 61, -0.36328, -8.56147, -2.0, 1.2, 2.0 },
    { 31, 4, 39, 61, -0.38365, 18.22211, 1.0, 1.2, 2.0 },
    { 31, 19, 39, 61, -0.21384, -3.44939, -6.0, 1.2, 2.0 },
    { 31, 19, 39, 61, 0.20171, 0.56897, -5.0, 1.2, 2.0 },
    { 31, 19, 39, 61, 0.33678, 21.56278, -4.0, 1.2, 2.0 },
    { 31, 19, 39, 61, 0.17673, -0.39745, -3.0, 1.2, 2.0 },
    { 31, 19, 39, 61, -0.09996, -0.96449, -2.0, 1.2, 2.0 },
    { 31, 19, 39, 61, -0.36253, 15.01727, 1.0, 1.2, 2.0 },
    { 72, 1, 39, 61, -0.26325, -12.79487, -6.0, 1.2, 2.0 },
    { 72, 1, 39, 61, 0.15362, -1.31762, -5.0, 1.2, 2.0 },
    { 72, 1, 39, 61, 0.2033, -0.0849, -4.0, 1.2, 2.0 },
    { 72, 1, 39, 61, 0.06853, -2.63254, -3.0, 1.2, 2.0 },
    { 72, 1, 39, 61, -0.42729, -1.77006, -2.0, 1.2, 2.0 },
    { 72, 1, 39, 61, -0.11485, 6.9154, 1.0, 1.2, 2.0 },
    { 39, 6, 39, 61, -0.09852, 3.87382, -6.0, 1.2, 2.0 },
    { 39, 6, 39, 61, -0.09398, -1.41357, -5.0, 1.2, 2.0 },
    { 39, 6, 39, 61, 0.09682, 0.0, -4.0, 1.2, 2.0 },
    { 39, 6, 39, 61, -0.11727, -6.57252, -3.0, 1.2, 2.0 },
    { 39, 6, 39, 61, 0.07069, 2.14921, -2.0, 1.2, 2.0 },
    { 39, 6, 39, 61, 0.09773, 0.87579, 1.0, 1.2, 2.0 },
    { 39, 2, 29, 66, -0.0523, 9.23828, -6.0, 1.2, 2.0 },
    { 39, 2, 29, 66, -0.05513, -1.14006, -5.0, 1.2, 2.0 },
    { 39, 2, 29, 66, -0.23041, -22.86472, -4.0, 1.2, 2.0 },
    { 39, 2, 29, 66, 0.03572, 0.85944, -3.0, 1.2, 2.0 },
    { 39, 2, 29, 66, -0.41876, 20.28188, -2.0, 1.2, 2.0 },
    { 39, 2, 29, 66, 0.1557, -0.1352, 1.0, 1.2, 2.0 },
    { 31, 19, 39, 58, -0.21384, -3.44939, -6.0, 1.2, 2.0 },
    { 31, 19, 39, 58, 0.20171, 0.56897, -5.0, 1.2, 2.0 },
    { 31, 19, 39, 58, 0.33678, 21.56278, -4.0, 1.2, 2.0 },
    { 31, 19, 39, 58, 0.17673, -0.39745, -3.0, 1.2, 2.0 },
    { 31, 19, 39, 58, -0.09996, -0.96449, -2.0, 1.2, 2.0 },
    { 31, 19, 39, 58, -0.36253, 15.01727, 1.0, 1.2, 2.0 },
    { 39, 18, 30, 32, -0.03942, 0.0, -6.0, 1.2, 2.0 },
    { 39, 18, 30, 32, 0.00946, -0.96968, -5.0, 1.2, 2.0 },
    { 39, 18, 30, 32, -0.00921, 0.12347, -4.0, 1.2, 2.0 },
    { 39, 18, 30, 32, 0.32106, 11.4505, -3.0, 1.2, 2.0 },
    { 39, 18, 30, 32, -0.04262, -2.55548, -2.0, 1.2, 2.0 },
    { 39, 18, 30, 32, -0.04121, 1.08703, 1.0, 1.2, 2.0 },
    { 39, 12, 39, 61, -0.04127, -1.66549, -6.0, 1.2, 2.0 },
    { 39, 12, 39, 61, 0.04168, -0.2121, -5.0, 1.2, 2.0 },
    { 39, 12, 39, 61, 0.11202, -5.34094, -4.0, 1.2, 2.0 },
    { 39, 12, 39, 61, 0.29177, -18.65695, -3.0, 1.2, 2.0 },
    { 39, 12, 39, 61, 0.23101, -14.56677, -2.0, 1.2, 2.0 },
    { 39, 12, 39, 61, 0.05698, -2.30569, 1.0, 1.2, 2.0 },
    { 25, 7, 39, 58, -0.3209, 21.39458, -6.0, 1.2, 2.0 },
    { 25, 7, 39, 58, 0.40319, 7.45682, -5.0, 1.2, 2.0 },
    { 25, 7, 39, 58, 0.055, 1.19339, -4.0, 1.2, 2.0 },
    { 25, 7, 39, 58, -0.25179, -14.88949, -3.0, 1.2, 2.0 },
    { 25, 7, 39, 58, -0.11739, -3.43059, -2.0, 1.2, 2.0 },
    { 25, 7, 39, 58, 0.07296, -0.77715, 1.0, 1.2, 2.0 },
    { 31, 4, 39, 29, -0.10104, -3.18456, -6.0, 1.2, 2.0 },
    { 31, 4, 39, 29, 0.17437, 2.12564, -5.0, 1.2, 2.0 },
    { 31, 4, 39, 29, 0.19632, -3.90688, -4.0, 1.2, 2.0 },
    { 31, 4, 39, 29, -0.05466, 0.64638, -3.0, 1.2, 2.0 },
    { 31, 4, 39, 29, 0.05058, -0.44838, -2.0, 1.2, 2.0 },
    { 31, 4, 39, 29, -0.27503, -9.62582, 1.0, 1.2, 2.0 },
    { 39, 8, 39, 29, -0.48038, 20.6968, -6.0, 1.2, 2.0 },
    { 39, 8, 39, 29, 0.07267, 1.17946, -5.0, 1.2, 2.0 },
    { 39, 8, 39, 29, -0.12735, -12.03516, -4.0, 1.2, 2.0 },
    { 39, 8, 39, 29, -0.12899, -4.18856, -3.0, 1.2, 2.0 },
    { 39, 8, 39, 29, -0.12817, 3.18548, -2.0, 1.2, 2.0 },
    { 39, 8, 39, 29, 0.26151, -13.03305, 1.0, 1.2, 2.0 },
    { 28, 16, 39, 61, -0.0926, 0.18862, -6.0, 1.2, 2.0 },
    { 28, 16, 39, 61, -0.24745, -4.95506, -5.0, 1.2, 2.0 },
    { 28, 16, 39, 61, -0.17275, -1.8146, -4.0, 1.2, 2.0 },
    { 28, 16, 39, 61, 0.2026, 3.78789, -3.0, 1.2, 2.0 },
    { 28, 16, 39, 61, 0.00662, -0.13059, -2.0, 1.2, 2.0 },
    { 28, 16, 39, 61, -0.1564, 6.1907, 1.0, 1.2, 2.0 },
    { 39, 21, 29, 65, 0.11088, -6.50635, -6.0, 1.2, 2.0 },
    { 39, 21, 29, 65, 0.19978, -9.33161, -5.0, 1.2, 2.0 },
    { 39, 21, 29, 65, -0.17284, -11.81257, -4.0, 1.2, 2.0 },
    { 39, 21, 29, 65, 0.31294, 18.01878, -3.0, 1.2, 2.0 },
    { 39, 21, 29, 65, -0.21631, -4.96727, -2.0, 1.2, 2.0 },
    { 39, 21, 29, 65, 0.56009, 0.73064, 1.0, 1.2, 2.0 },
    { 39, 10, 39, 61, -0.24003, 3.85539, -6.0, 1.2, 2.0 },
    { 39, 10, 39, 61, 0.05016, -2.73289, -5.0, 1.2, 2.0 },
    { 39, 10, 39, 61, -0.18305, -9.83704, -4.0, 1.2, 2.0 },
    { 39, 10, 39, 61, 0.00808, 0.67675, -3.0, 1.2, 2.0 },
    { 39, 10, 39, 61, -0.18894, -6.46423, -2.0, 1.2, 2.0 },
    { 39, 10, 39, 61, -0.09486, 3.81831, 1.0, 1.2, 2.0 },


improper:
=========
{ 29, 39, 58, 65, 1.1, 180.0, 2.0 },
{ 29, 39, 58, 43, 0.2865, 180.0, 2.0 },
{ 35, 46, 29, 65, 1.1, 180.0, 2.0 },
{ -1, 31, 31, 31, 1.1, 180.0, 2.0 },
{ 35, 39, 35, 48, 1.1, 180.0, 2.0 },
{ 47, 65, 29, 68, 1.1, 180.0, 2.0 },
{ 47, 65, 29, 67, 1.1, 180.0, 2.0 },
{ 31, 31, 31, 67, 1.1, 180.0, 2.0 },
{ 31, 31, 29, 67, 1.10416, 180.0, 2.0 },
{ 60, 62, 31, 64, 1.1, 180.0, 2.0 },
{ 32, 60, 31, 64, 1.1, 180.0, 2.0 },
{ 35, 60, 31, 64, 1.1, 180.0, 2.0 },
{ 29, 35, 35, 39, 1.1, 180.0, 2.0 },
{ 31, 31, 31, 39, 1.07972, 180.0, 2.0 },
{ 32, 39, 30, 41, 1.1, 180.0, 2.0 },
{ 39, 41, 33, 62, 1.1, 180.0, 2.0 },
{ 39, 41, 33, 63, 1.1, 180.0, 2.0 },
{ 39, 40, 33, 62, 1.1, 180.0, 2.0 },
{ 39, 65, 29, 67, 10.5, 180.0, 2.0 },
{ 29, 35, 59, 39, 1.0, 180.0, 2.0 },
{ 32, 34, 59, 39, 1.0, 180.0, 2.0 },
{ -1, -1, 31, 47, 1.1, 180.0, 2.0 },
{ -1, -1, 31, 46, 1.1, 180.0, 2.0 },
{ -1, -1, 35, 48, 1.1, 180.0, 2.0 },
{ -1, -1, 35, 46, 1.1, 180.0, 2.0 },
{ -1, -1, 34, 47, 1.1, 180.0, 2.0 },
{ -1, -1, 37, 47, 1.1, 180.0, 2.0 },
{ -1, -1, 40, 46, 1.09049, 180.0, 2.0 },
{ -1, -1, 38, 47, 1.09042, 180.0, 2.0 },
{ -1, -1, 41, 46, 1.09974, 180.0, 2.0 },
{ -1, -1, 31, 48, 0.98361, 180.0, 2.0 },
{ -1, 39, 58, 39, 0.60501, 180.0, 2.0 },
{ -1, 60, 31, 60, 10.50816, 180.0, 2.0 },
{ -1, -1, 62, 43, 0.99415, 180.0, 2.0 },
{ -1, -1, 60, 43, 0.98521, 180.0, 2.0 },
{ -1, -1, 58, 43, 0.19275, 180.0, 2.0 },
{ -1, 66, 29, 66, 10.5, 180.0, 2.0 },
{ -1, -1, 29, 65, 10.46337, 180.0, 2.0 },
{ 31, 31, 31, 4, 1.07972, 180.0, 2.0 },
{ 31, 31, 31, 19, 1.07972, 180.0, 2.0 },
{ 32, 18, 30, 41, 1.1, 180.0, 2.0 },
{ 0, 41, 33, 62, 1.1, 180.0, 2.0 },
{ 23, 41, 33, 63, 1.1, 180.0, 2.0 },
{ 5, 40, 33, 62, 1.1, 180.0, 2.0 },
{ 21, 65, 29, 67, 10.5, 180.0, 2.0 },
{ 25, 65, 29, 67, 10.5, 180.0, 2.0 },


bonds:
=======
{ 29, 29, 310.0, 1.525 },
{ 29, 31, 463.36708, 1.39282 },
{ 29, 32, 447.0, 1.419 },
{ 29, 35, 410.0, 1.444 },
{ 29, 39, 275.0936, 1.50912 },
{ 29, 58, 408.97544, 1.35201 },
{ 29, 59, 424.0, 1.383 },
{ 29, 62, 418.0, 1.388 },
{ 29, 64, 457.0, 1.358 },
{ 29, 65, 567.82578, 1.22755 },
{ 29, 66, 632.33428, 1.25423 },
{ 29, 67, 446.75905, 1.36714 },
{ 29, 68, 450.0, 1.323 },
{ 29, 46, 367.0, 1.08 },
{ 29, 47, 367.0, 1.08 },
{ 31, 31, 436.40302, 1.38337 },
{ 31, 32, 467.77759, 1.39781 },
{ 31, 35, 427.0, 1.433 },
{ 31, 36, 466.84981, 1.40606 },
{ 31, 39, 315.86042, 1.48789 },
{ 31, 48, 368.92606, 1.08345 },
{ 31, 46, 367.0, 1.08 },
{ 31, 60, 479.42116, 1.36469 },
{ 31, 62, 427.0, 1.381 },
{ 31, 64, 483.0, 1.339 },
{ 31, 67, 450.0, 1.364 },
{ 32, 32, 520.0, 1.37 },
{ 32, 59, 436.0, 1.374 },
{ 32, 63, 414.0, 1.391 },
{ 32, 64, 461.0, 1.354 },
{ -1, 48, 367.0, 1.08 },
{ -1, -1, 469.0, 1.4 },
{ -1, 35, 549.0, 1.35 },
{ -1, 39, 317.0, 1.51 },
{ 34, 47, 367.0, 1.08 },
{ 34, 59, 440.0, 1.371 },
{ 34, 63, 529.0, 1.304 },
{ 35, 35, 549.0, 1.35 },
{ 35, 39, 317.0, 1.51 },
{ 35, 48, 367.0, 1.08 },
{ 35, 46, 367.0, 1.08 },
{ 35, 47, 367.0, 1.08 },
{ 35, 59, 448.0, 1.365 },
{ 35, 68, 480.0, 1.24 },
{ 37, 47, 367.0, 1.08 },
{ 37, 64, 502.0, 1.324 },
{ 39, 39, 290.71051, 1.51445 },
{ 39, 49, 355.53603, 1.08818 },
{ 39, 44, 354.51141, 1.08765 },
{ 39, 45, 340.0, 1.09 },
{ 39, -1, 340.0, 1.09 },
{ 39, 51, 346.58491, 1.08728 },
{ 39, 59, 337.0, 1.475 },
{ 39, 60, 336.74676, 1.45975 },
{ 39, 67, 320.54443, 1.41605 },
{ 39, 68, 320.0, 1.41 },
{ 30, 49, 367.0, 1.08 },
{ 30, 32, 385.98, 1.44202 },
{ 30, 39, 315.49506, 1.49118 },
{ 30, 41, 542.24481, 1.36697 },
{ 32, 36, 444.696, 1.40978 },
{ 33, 39, 314.4739, 1.48323 },
{ 33, 40, 508.976, 1.37869 },
{ 33, 41, 514.5593, 1.3742 },
{ 33, 62, 421.21307, 1.38035 },
{ 33, 63, 407.48173, 1.37597 },
{ 36, 62, 426.14416, 1.38727 },
{ 38, 47, 375.32429, 1.0784 },
{ 38, 62, 469.79014, 1.35157 },
{ 38, 63, 483.48508, 1.31782 },
{ 39, 58, 350.22682, 1.43236 },
{ 39, 61, 365.42326, 1.48942 },
{ 39, -1, 367.0, 1.471 },
{ 39, 71, 227.18072, 1.81493 },
{ 39, 72, 238.66338, 1.80567 },
{ 39, -1, 400.0, 1.458 },
{ 39, -1, 400.0, 1.459 },
{ 40, 46, 370.6529, 1.08871 },
{ 40, 63, 409.14604, 1.37319 },
{ 41, 46, 375.04598, 1.07748 },
{ 41, 62, 423.02535, 1.38186 },
{ -1, -1, 600.0, 1.15 },
{ -1, -1, 600.0, 1.206 },
{ -1, -1, 400.0, 1.056 },
{ 66, 69, 525.0, 1.48 },
{ 67, 69, 230.0, 1.61 },
{ 68, 69, 230.0, 1.61 },
{ 43, 60, 446.0653, 1.02112 },
{ 43, 59, 434.0, 1.01 },
{ 43, 62, 444.83657, 1.02628 },
{ 43, 58, 458.93032, 1.01114 },
{ 43, 61, 421.9646, 1.0358 },
{ 43, -1, 434.0, 1.01 },
{ 50, 67, 539.14533, 0.9694 },
{ 50, 68, 553.0, 0.96 },
{ 52, 72, 278.4817, 1.33716 },
{ 71, 71, 166.0, 2.038 },
{ 39, -1, 367.0, 1.38 },
{ 39, -1, 232.0, 1.766 },
{ -1, 39, 159.0, 1.944 },
{ 39, -1, 148.0, 2.166 },
{ 31, -1, 386.0, 1.359 },
{ 31, -1, 193.0, 1.727 },
{ 31, -1, 171.0, 2.075 },
{ -1, 31, 172.0, 1.89 },
{ -1, 65, 600.0, 0.2 },
{ -1, 67, 600.0, 0.2 },
{ -1, 68, 600.0, 0.2 },
{ -1, 61, 600.0, 0.2 },
{ -1, -1, 600.0, 0.2 },
{ -1, 63, 600.0, 0.2 },
{ -1, 64, 600.0, 0.2 },
{ -1, 71, 600.0, 0.7 },
{ -1, 72, 600.0, 0.7 },
{ 21, 29, 275.0936, 1.50912 },
{ 11, 29, 275.0936, 1.50912 },
{ 2, 29, 275.0936, 1.50912 },
{ 27, 29, 275.0936, 1.50912 },
{ 22, 29, 275.0936, 1.50912 },
{ 25, 29, 275.0936, 1.50912 },
{ 4, 31, 315.86042, 1.48789 },
{ 19, 31, 315.86042, 1.48789 },
{ 14, 39, 290.71051, 1.51445 },
{ 21, 39, 290.71051, 1.51445 },
{ 11, 39, 290.71051, 1.51445 },
{ 2, 39, 290.71051, 1.51445 },
{ 1, 39, 290.71051, 1.51445 },
{ 13, 27, 290.71051, 1.51445 },
{ 13, 39, 290.71051, 1.51445 },
{ 3, 22, 290.71051, 1.51445 },
{ 3, 39, 290.71051, 1.51445 },
{ 5, 39, 290.71051, 1.51445 },
{ 23, 39, 290.71051, 1.51445 },
{ 0, 39, 290.71051, 1.51445 },
{ 6, 24, 290.71051, 1.51445 },
{ 6, 39, 290.71051, 1.51445 },
{ 9, 39, 290.71051, 1.51445 },
{ 8, 39, 290.71051, 1.51445 },
{ 10, 39, 290.71051, 1.51445 },
{ 4, 39, 290.71051, 1.51445 },
{ 12, 39, 290.71051, 1.51445 },
{ 15, 39, 290.71051, 1.51445 },
{ 16, 28, 290.71051, 1.51445 },
{ 16, 39, 290.71051, 1.51445 },
{ 18, 39, 290.71051, 1.51445 },
{ 19, 39, 290.71051, 1.51445 },
{ 17, 39, 290.71051, 1.51445 },
{ 20, 39, 290.71051, 1.51445 },
{ 7, 25, 290.71051, 1.51445 },
{ 7, 39, 290.71051, 1.51445 },
{ 26, 39, 290.71051, 1.51445 },
{ 14, 49, 355.53603, 1.08818 },
{ 21, 49, 355.53603, 1.08818 },
{ 11, 49, 355.53603, 1.08818 },
{ 2, 49, 355.53603, 1.08818 },
{ 13, 49, 355.53603, 1.08818 },
{ 27, 49, 355.53603, 1.08818 },
{ 3, 49, 355.53603, 1.08818 },
{ 22, 49, 355.53603, 1.08818 },
{ 5, 49, 355.53603, 1.08818 },
{ 23, 49, 355.53603, 1.08818 },
{ 0, 49, 355.53603, 1.08818 },
{ 6, 49, 355.53603, 1.08818 },
{ 24, 49, 355.53603, 1.08818 },
{ 9, 49, 355.53603, 1.08818 },
{ 8, 49, 355.53603, 1.08818 },
{ 10, 49, 355.53603, 1.08818 },
{ 4, 49, 355.53603, 1.08818 },
{ 12, 49, 355.53603, 1.08818 },
{ 28, 49, 355.53603, 1.08818 },
{ 18, 49, 355.53603, 1.08818 },
{ 19, 49, 355.53603, 1.08818 },
{ 17, 49, 355.53603, 1.08818 },
{ 7, 49, 355.53603, 1.08818 },
{ 25, 49, 355.53603, 1.08818 },
{ 26, 49, 355.53603, 1.08818 },
{ 1, 44, 354.51141, 1.08765 },
{ 15, 44, 354.51141, 1.08765 },
{ 16, 44, 354.51141, 1.08765 },
{ 20, 44, 354.51141, 1.08765 },
{ 15, 67, 320.54443, 1.41605 },
{ 16, 67, 320.54443, 1.41605 },
{ 18, 30, 315.49506, 1.49118 },
{ 5, 33, 314.4739, 1.48323 },
{ 23, 33, 314.4739, 1.48323 },
{ 0, 33, 314.4739, 1.48323 },
{ 1, 72, 238.66338, 1.80567 },
{ 20, 72, 238.66338, 1.80567 }


Angles:
========
{ 29, 29, 65, 80.0, 120.0 },
{ 29, 29, 67, 80.0, 120.0 },
{ 31, 29, 31, 62.97983, 120.02151 },
{ 31, 29, 67, 69.92874, 119.98683 },
{ 32, 29, 62, 70.0, 111.3 },
{ 32, 29, 65, 80.0, 128.8 },
{ 35, 29, 62, 70.0, 114.1 },
{ 35, 29, 65, 80.0, 125.3 },
{ 39, 29, 65, 79.12132, 121.18712 },
{ 39, 29, 66, 70.26624, 117.40172 },
{ 39, 29, 58, 70.15231, 115.28581 },
{ 39, 29, 39, 63.0, 117.0 },
{ 39, 29, 68, 80.0, 115.0 },
{ 39, 29, 67, 80.13624, 109.63522 },
{ 59, 29, 62, 70.0, 115.4 },
{ 59, 29, 64, 70.0, 118.6 },
{ 59, 29, 65, 80.0, 120.9 },
{ 62, 29, 65, 80.0, 120.6 },
{ 64, 29, 65, 80.0, 122.5 },
{ 58, 29, 65, 80.56829, 122.88057 },
{ 65, 29, 65, 80.0, 126.0 },
{ 65, 29, 67, 80.03764, 121.02386 },
{ 65, 29, 68, 80.0, 125.0 },
{ 66, 29, 66, 80.56125, 125.70983 },
{ 29, 29, 46, 50.0, 120.0 },
{ 35, 29, 46, 50.0, 115.0 },
{ 39, 29, 46, 50.0, 115.0 },
{ 46, 29, 65, 50.0, 120.0 },
{ 46, 29, 67, 50.0, 120.0 },
{ 47, 29, 58, 50.0, 120.0 },
{ 47, 29, 65, 50.0, 119.0 },
{ 47, 29, 67, 50.0, 107.0 },
{ 47, 29, 68, 50.0, 107.0 },
{ 29, 31, 31, 62.97721, 119.97342 },
{ 29, 31, 48, 49.62656, 119.93285 },
{ 31, 31, 31, 62.88385, 120.05976 },
{ 31, 31, 32, 62.97119, 119.91112 },
{ 31, 31, 39, 69.82042, 120.3866 },
{ 31, 31, 48, 46.31522, 119.62283 },
{ 31, 31, 46, 50.0, 120.0 },
{ 31, 31, 67, 70.0, 120.0 },
{ 31, 31, 36, 62.97949, 119.97946 },
{ 32, 31, 48, 49.89313, 119.94081 },
{ 32, 31, 46, 50.0, 120.0 },
{ 32, 31, 60, 70.0, 123.5 },
{ 32, 31, 64, 70.0, 117.3 },
{ 35, 31, 60, 70.0, 120.1 },
{ 35, 31, 64, 70.0, 121.5 },
{ 36, 31, 48, 49.80307, 120.10051 },
{ 62, 31, 64, 70.0, 123.3 },
{ 60, 31, 62, 70.0, 116.0 },
{ 60, 31, 64, 70.0, 119.3 },
{ 60, 31, 60, 69.94573, 120.01873 },
{ 31, 31, -1, 70.0, 121.0 },
{ 31, 31, -1, 70.0, 118.8 },
{ -1, 31, 31, 70.0, 118.8 },
{ 31, 31, -1, 70.0, 118.8 },
{ 29, 32, 32, 63.0, 119.2 },
{ 29, 32, 63, 70.0, 130.0 },
{ 31, 32, 32, 63.0, 117.3 },
{ 31, 32, 63, 70.0, 132.4 },
{ 32, 32, 59, 70.0, 106.2 },
{ 32, 32, 63, 70.0, 110.4 },
{ 32, 32, 64, 70.0, 127.7 },
{ 30, 32, 31, 62.93589, 134.72927 },
{ 30, 32, 36, 62.98834, 108.74348 },
{ 31, 32, 36, 62.93763, 116.43607 },
{ 59, 32, 64, 70.0, 126.2 },
{ -1, -1, 35, 63.0, 120.0 },
{ -1, -1, 39, 70.0, 120.0 },
{ 35, -1, 39, 70.0, 120.0 },
{ 48, -1, 48, 35.0, 119.0 },
{ -1, -1, 48, 50.0, 120.0 },
{ 35, -1, 48, 50.0, 120.0 },
{ 47, 34, 59, 50.0, 123.05 },
{ 47, 34, 63, 50.0, 123.05 },
{ 59, 34, 63, 70.0, 113.9 },
{ 29, 35, 35, 63.0, 120.7 },
{ 29, 35, 39, 70.0, 119.7 },
{ 29, 35, 48, 50.0, 119.7 },
{ 29, 35, 46, 50.0, 119.7 },
{ 31, 35, 35, 63.0, 117.0 },
{ 31, 35, 48, 50.0, 123.3 },
{ 31, 35, 46, 50.0, 123.3 },
{ 35, 35, 39, 70.0, 119.7 },
{ 35, 35, 48, 50.0, 119.7 },
{ 35, 35, 46, 50.0, 119.7 },
{ 35, 35, 59, 70.0, 121.2 },
{ 35, 35, 68, 80.0, 125.0 },
{ 46, 35, 59, 50.0, 119.1 },
{ 46, 35, 68, 50.0, 113.0 },
{ 48, 35, 48, 35.0, 120.0 },
{ -1, 35, 48, 50.0, 120.0 },
{ 39, 35, 48, 50.0, 120.0 },
{ 64, 37, 64, 70.0, 129.1 },
{ 47, 37, 64, 50.0, 115.45 },
{ 44, 39, 44, 36.65094, 110.06455 },
{ 44, 39, 59, 50.0, 109.5 },
{ 44, 39, 67, 49.91474, 109.41977 },
{ 44, 39, 68, 50.0, 109.5 },
{ 35, 39, 44, 50.0, 109.5 },
{ -1, 39, 44, 50.0, 110.0 },
{ -1, 39, 44, 50.0, 110.0 },
{ 44, 39, 58, 50.46019, 109.45378 },
{ 44, 39, 71, 49.62672, 109.28449 },
{ 44, 39, 72, 49.72339, 109.19851 },
{ 44, 39, 60, 49.84693, 109.78248 },
{ 44, 39, -1, 50.0, 109.5 },
{ 45, 39, 45, 35.0, 109.5 },
{ 45, 39, 59, 50.0, 109.5 },
{ 45, 39, 68, 50.0, 109.5 },
{ 51, 39, 51, 34.97254, 109.40593 },
{ 51, 39, 61, 50.085, 109.24208 },
{ 49, 39, 49, 35.38766, 108.1596 },
{ 35, 39, 49, 50.0, 109.5 },
{ -1, 39, 49, 50.0, 109.5 },
{ -1, 39, 49, 50.0, 110.0 },
{ 29, 39, 44, 48.48963, 110.53958 },
{ 29, 39, 51, 50.0, 109.5 },
{ 29, 39, 49, 47.90597, 108.02547 },
{ 29, 39, 58, 62.51483, 106.98145 },
{ 29, 39, 61, 80.0, 111.2 },
{ 29, 39, 39, 60.37225, 111.13871 },
{ 29, 39, 68, 60.0, 109.5 },
{ 31, 39, 49, 49.63642, 110.27836 },
{ 33, 39, 39, 63.13324, 112.83138 },
{ 33, 39, 49, 49.72084, 110.03239 },
{ 35, 39, 39, 63.0, 111.0 },
{ 35, 39, 68, 50.0, 109.5 },
{ 39, 39, 39, 42.05979, 109.66082 },
{ 39, 39, 49, 46.76626, 109.28738 },
{ 39, 39, 44, 48.51972, 111.20808 },
{ 39, 39, 45, 50.0, 109.5 },
{ 39, 39, 51, 50.10991, 109.82101 },
{ 39, 39, 59, 50.0, 109.5 },
{ 39, 39, 67, 50.27076, 109.85953 },
{ 39, 39, 68, 50.0, 109.5 },
{ 39, 39, 71, 50.08307, 114.45636 },
{ 39, 39, 72, 49.67688, 109.26451 },
{ 31, 39, 39, 62.84255, 112.57229 },
{ 39, 39, 60, 79.99255, 109.93699 },
{ 39, 39, 58, 79.87291, 110.50135 },
{ 39, 39, 61, 79.97299, 111.33933 },
{ 39, 39, -1, 80.0, 111.2 },
{ 39, 39, -1, 63.0, 110.0 },
{ 39, 39, -1, 63.0, 110.0 },
{ 30, 39, 39, 62.83997, 115.0091 },
{ 30, 39, 49, 49.89141, 109.86168 },
{ 68, 39, 68, 60.0, 101.0 },
{ -1, 39, 68, 50.0, 110.0 },
{ -1, 39, 68, 50.0, 110.0 },
{ 59, 39, 68, 50.0, 109.5 },
{ -1, 39, -1, 77.0, 109.1 },
{ -1, 39, 44, 50.0, 109.5 },
{ 39, 39, -1, 50.0, 109.0 },
{ -1, 39, 45, 50.0, 109.5 },
{ 39, 39, -1, 50.0, 108.5 },
{ -1, 39, 44, 50.0, 108.5 },
{ -1, 39, 39, 50.0, 108.0 },
{ -1, 39, 44, 50.0, 106.5 },
{ 39, 39, -1, 50.0, 106.0 },
{ 39, 33, 62, 70.60069, 118.47802 },
{ 39, 33, 40, 69.26029, 120.91483 },
{ 39, 33, 63, 69.95593, 120.05221 },
{ 40, 33, 62, 69.80911, 119.84268 },
{ 41, 33, 62, 70.02687, 119.98795 },
{ 41, 33, 63, 70.12022, 120.14191 },
{ 39, 33, 41, 69.27568, 120.78232 },
{ 47, 38, 62, 49.75412, 119.59136 },
{ 47, 38, 63, 49.31663, 120.26654 },
{ 62, 38, 62, 70.04101, 120.01203 },
{ 62, 38, 63, 70.16968, 120.17275 },
{ 33, 40, 46, 49.87882, 119.89459 },
{ 33, 40, 63, 70.32819, 120.34602 },
{ 46, 40, 63, 49.88311, 119.84195 },
{ 33, 41, 46, 49.31008, 120.38187 },
{ 33, 41, 62, 69.82437, 119.86991 },
{ 30, 41, 46, 49.67345, 120.13012 },
{ 30, 41, 62, 69.9765, 108.77412 },
{ 46, 41, 62, 49.8069, 119.53049 },
{ 32, 30, 39, 69.90456, 128.41639 },
{ 32, 30, 41, 62.98429, 106.45949 },
{ 39, 30, 41, 69.92942, 124.96215 },
{ 31, 36, 32, 62.97643, 122.62365 },
{ 31, 36, 62, 69.97306, 132.58449 },
{ 32, 36, 62, 69.96812, 104.72546 },
{ 39, -1, -1, 80.0, 180.0 },
{ 39, -1, -1, 80.0, 180.0 },
{ -1, -1, -1, 50.0, 180.0 },
{ 29, 58, 39, 49.00159, 116.75533 },
{ 29, 58, 43, 43.28956, 121.17347 },
{ 39, 58, 43, 43.06077, 117.09549 },
{ 39, 58, 39, 49.60471, 117.61991 },
{ 43, 58, 43, 34.52967, 119.50774 },
{ 29, 59, 35, 70.0, 121.6 },
{ 29, 59, 39, 70.0, 117.6 },
{ 29, 59, 43, 50.0, 119.2 },
{ 32, 59, 34, 70.0, 105.4 },
{ 32, 59, 39, 70.0, 125.8 },
{ 32, 59, 43, 50.0, 125.8 },
{ 34, 59, 39, 70.0, 128.8 },
{ 34, 59, 43, 50.0, 128.8 },
{ 35, 59, 39, 70.0, 121.2 },
{ 35, 59, 43, 50.0, 121.2 },
{ 31, 60, 43, 50.22901, 121.23164 },
{ 31, 60, 39, 49.80292, 123.57507 },
{ 39, 60, 43, 50.3304, 116.5317 },
{ 43, 60, 43, 34.73552, 120.13266 },
{ 39, 61, 43, 50.36054, 108.47442 },
{ 39, 61, 39, 50.0, 109.5 },
{ 43, 61, 43, 36.37932, 110.38305 },
{ 39, -1, 43, 50.0, 109.5 },
{ 39, -1, 39, 50.0, 109.5 },
{ 43, -1, 43, 35.0, 109.5 },
{ 29, 62, 29, 70.0, 126.4 },
{ 29, 62, 31, 70.0, 125.2 },
{ 29, 62, 43, 50.0, 116.8 },
{ 31, 62, 43, 50.0, 118.0 },
{ 33, 62, 38, 70.03372, 119.99356 },
{ 33, 62, 43, 50.16338, 118.44001 },
{ 38, 62, 41, 69.8366, 119.8141 },
{ 38, 62, 43, 48.35749, 121.47592 },
{ 41, 62, 43, 49.2296, 120.36867 },
{ 36, 62, 41, 69.97315, 111.21613 },
{ 36, 62, 43, 49.79688, 123.22603 },
{ 32, 63, 34, 70.0, 103.8 },
{ 33, 63, 38, 70.00914, 117.00612 },
{ 38, 63, 40, 69.96992, 116.90854 },
{ 29, 64, 31, 70.0, 120.5 },
{ 31, 64, 32, 70.0, 112.2 },
{ 31, 64, 37, 70.0, 118.6 },
{ 32, 64, 37, 70.0, 111.0 },
{ 29, 67, 50, 49.52303, 112.14379 },
{ 31, 67, 50, 50.0, 113.0 },
{ 39, 67, 50, 54.93909, 107.61005 },
{ 50, 67, 69, 45.0, 108.5 },
{ 29, 68, 39, 60.0, 117.0 },
{ 35, 68, 39, 60.0, 117.0 },
{ 39, 68, 39, 60.0, 109.5 },
{ 39, 68, 69, 100.0, 120.5 },
{ 69, 68, 69, 100.0, 120.5 },
{ 66, 69, 67, 45.0, 108.23 },
{ 66, 69, 66, 140.0, 119.9 },
{ 66, 69, 68, 100.0, 108.23 },
{ 67, 69, 68, 45.0, 102.6 },
{ 68, 69, 68, 45.0, 102.6 },
{ 39, 71, 39, 61.99837, 99.07182 },
{ 39, 71, 71, 68.0, 103.7 },
{ 39, 72, 52, 43.11548, 95.70535 },
{ 52, 72, 52, 35.0, 92.07 },
{ 32, 63, -1, 150.0, 126.0 },
{ 33, 63, -1, 150.0, 126.0 },
{ 34, 63, -1, 150.0, 126.0 },
{ 38, 63, -1, 150.0, 126.0 },
{ 40, 63, -1, 150.0, 126.0 },
{ 29, 64, -1, 150.0, 120.0 },
{ 31, 64, -1, 150.0, 120.0 },
{ 32, 64, -1, 150.0, 120.0 },
{ 37, 64, -1, 150.0, 120.0 },
{ 39, 61, -1, 150.0, 109.5 },
{ 43, 61, -1, 150.0, 109.5 },
{ 39, -1, -1, 150.0, 109.5 },
{ 43, -1, -1, 150.0, 109.5 },
{ 29, 65, -1, 150.0, 120.0 },
{ -1, 65, -1, 150.0, 120.0 },
{ 29, 67, -1, 150.0, 120.0 },
{ 39, 67, -1, 150.0, 109.5 },
{ 50, 67, -1, 150.0, 109.5 },
{ -1, 67, -1, 150.0, 109.5 },
{ 29, 68, -1, 150.0, 109.5 },
{ 35, 68, -1, 150.0, 109.5 },
{ 39, 68, -1, 150.0, 109.5 },
{ -1, 68, -1, 150.0, 109.5 },
{ 39, 71, -1, 150.0, 90.0 },
{ 39, 72, -1, 150.0, 90.0 },
{ -1, 68, 69, 150.0, 109.5 },
{ -1, 71, -1, 150.0, 180.0 },
{ -1, 72, -1, 150.0, 180.0 },
{ 52, 72, -1, 150.0, 90.0 },
{ 21, 29, 65, 79.12132, 121.18712 },
{ 11, 29, 65, 79.12132, 121.18712 },
{ 27, 29, 65, 79.12132, 121.18712 },
{ 25, 29, 65, 79.12132, 121.18712 },
{ 2, 29, 66, 70.26624, 117.40172 },
{ 22, 29, 66, 70.26624, 117.40172 },
{ 11, 29, 58, 70.15231, 115.28581 },
{ 27, 29, 58, 70.15231, 115.28581 },
{ 21, 29, 67, 80.13624, 109.63522 },
{ 25, 29, 67, 80.13624, 109.63522 },
{ 4, 31, 31, 69.82042, 120.3866 },
{ 19, 31, 31, 69.82042, 120.3866 },
{ 44, 1, 44, 36.65094, 110.06455 },
{ 44, 15, 44, 36.65094, 110.06455 },
{ 44, 20, 44, 36.65094, 110.06455 },
{ 44, 15, 67, 49.91474, 109.41977 },
{ 44, 16, 67, 49.91474, 109.41977 },
{ 44, 1, 72, 49.72339, 109.19851 },
{ 44, 20, 72, 49.72339, 109.19851 },
{ 49, 14, 49, 35.38766, 108.1596 },
{ 49, 21, 49, 35.38766, 108.1596 },
{ 49, 11, 49, 35.38766, 108.1596 },
{ 49, 2, 49, 35.38766, 108.1596 },
{ 49, 13, 49, 35.38766, 108.1596 },
{ 49, 27, 49, 35.38766, 108.1596 },
{ 49, 3, 49, 35.38766, 108.1596 },
{ 49, 22, 49, 35.38766, 108.1596 },
{ 49, 5, 49, 35.38766, 108.1596 },
{ 49, 23, 49, 35.38766, 108.1596 },
{ 49, 0, 49, 35.38766, 108.1596 },
{ 49, 24, 49, 35.38766, 108.1596 },
{ 49, 9, 49, 35.38766, 108.1596 },
{ 49, 8, 49, 35.38766, 108.1596 },
{ 49, 10, 49, 35.38766, 108.1596 },
{ 49, 4, 49, 35.38766, 108.1596 },
{ 49, 12, 49, 35.38766, 108.1596 },
{ 49, 28, 49, 35.38766, 108.1596 },
{ 49, 18, 49, 35.38766, 108.1596 },
{ 49, 19, 49, 35.38766, 108.1596 },
{ 49, 7, 49, 35.38766, 108.1596 },
{ 49, 25, 49, 35.38766, 108.1596 },
{ 49, 26, 49, 35.38766, 108.1596 },
{ 29, 21, 49, 47.90597, 108.02547 },
{ 29, 11, 49, 47.90597, 108.02547 },
{ 29, 2, 49, 47.90597, 108.02547 },
{ 29, 27, 49, 47.90597, 108.02547 },
{ 29, 22, 49, 47.90597, 108.02547 },
{ 29, 25, 49, 47.90597, 108.02547 },
{ 29, 21, 39, 60.37225, 111.13871 },
{ 29, 11, 39, 60.37225, 111.13871 },
{ 29, 2, 39, 60.37225, 111.13871 },
{ 13, 27, 29, 60.37225, 111.13871 },
{ 3, 22, 29, 60.37225, 111.13871 },
{ 7, 25, 29, 60.37225, 111.13871 },
{ 14, 39, 29, 60.37225, 111.13871 },
{ 21, 39, 29, 60.37225, 111.13871 },
{ 11, 39, 29, 60.37225, 111.13871 },
{ 2, 39, 29, 60.37225, 111.13871 },
{ 1, 39, 29, 60.37225, 111.13871 },
{ 13, 39, 29, 60.37225, 111.13871 },
{ 3, 39, 29, 60.37225, 111.13871 },
{ 5, 39, 29, 60.37225, 111.13871 },
{ 23, 39, 29, 60.37225, 111.13871 },
{ 0, 39, 29, 60.37225, 111.13871 },
{ 6, 39, 29, 60.37225, 111.13871 },
{ 9, 39, 29, 60.37225, 111.13871 },
{ 8, 39, 29, 60.37225, 111.13871 },
{ 10, 39, 29, 60.37225, 111.13871 },
{ 4, 39, 29, 60.37225, 111.13871 },
{ 12, 39, 29, 60.37225, 111.13871 },
{ 15, 39, 29, 60.37225, 111.13871 },
{ 16, 39, 29, 60.37225, 111.13871 },
{ 18, 39, 29, 60.37225, 111.13871 },
{ 19, 39, 29, 60.37225, 111.13871 },
{ 17, 39, 29, 60.37225, 111.13871 },
{ 20, 39, 29, 60.37225, 111.13871 },
{ 7, 39, 29, 60.37225, 111.13871 },
{ 26, 39, 29, 60.37225, 111.13871 },
{ 31, 4, 49, 49.63642, 110.27836 },
{ 31, 19, 49, 49.63642, 110.27836 },
{ 33, 5, 39, 63.13324, 112.83138 },
{ 33, 23, 39, 63.13324, 112.83138 },
{ 33, 0, 39, 63.13324, 112.83138 },
{ 33, 5, 49, 49.72084, 110.03239 },
{ 33, 23, 49, 49.72084, 110.03239 },
{ 33, 0, 49, 49.72084, 110.03239 },
{ 14, 39, 39, 42.05979, 109.66082 },
{ 27, 13, 39, 42.05979, 109.66082 },
{ 22, 3, 39, 42.05979, 109.66082 },
{ 6, 39, 39, 42.05979, 109.66082 },
{ 24, 6, 39, 42.05979, 109.66082 },
{ 9, 39, 39, 42.05979, 109.66082 },
{ 8, 39, 39, 42.05979, 109.66082 },
{ 12, 39, 39, 42.05979, 109.66082 },
{ 28, 16, 39, 42.05979, 109.66082 },
{ 25, 7, 39, 42.05979, 109.66082 },
{ 26, 39, 39, 42.05979, 109.66082 },
{ 39, 14, 39, 42.05979, 109.66082 },
{ 39, 6, 39, 42.05979, 109.66082 },
{ 39, 9, 39, 42.05979, 109.66082 },
{ 39, 8, 39, 42.05979, 109.66082 },
{ 39, 10, 39, 42.05979, 109.66082 },
{ 39, 12, 39, 42.05979, 109.66082 },
{ 39, 17, 39, 42.05979, 109.66082 },
{ 39, 26, 39, 42.05979, 109.66082 },
{ 14, 39, 49, 46.76626, 109.28738 },
{ 13, 27, 49, 46.76626, 109.28738 },
{ 27, 13, 49, 46.76626, 109.28738 },
{ 3, 22, 49, 46.76626, 109.28738 },
{ 22, 3, 49, 46.76626, 109.28738 },
{ 6, 24, 49, 46.76626, 109.28738 },
{ 6, 39, 49, 46.76626, 109.28738 },
{ 24, 6, 49, 46.76626, 109.28738 },
{ 9, 39, 49, 46.76626, 109.28738 },
{ 8, 39, 49, 46.76626, 109.28738 },
{ 12, 39, 49, 46.76626, 109.28738 },
{ 16, 28, 49, 46.76626, 109.28738 },
{ 17, 39, 49, 46.76626, 109.28738 },
{ 7, 25, 49, 46.76626, 109.28738 },
{ 25, 7, 49, 46.76626, 109.28738 },
{ 26, 39, 49, 46.76626, 109.28738 },
{ 39, 14, 49, 46.76626, 109.28738 },
{ 39, 21, 49, 46.76626, 109.28738 },
{ 39, 11, 49, 46.76626, 109.28738 },
{ 39, 2, 49, 46.76626, 109.28738 },
{ 39, 13, 49, 46.76626, 109.28738 },
{ 39, 3, 49, 46.76626, 109.28738 },
{ 39, 5, 49, 46.76626, 109.28738 },
{ 39, 23, 49, 46.76626, 109.28738 },
{ 39, 0, 49, 46.76626, 109.28738 },
{ 39, 6, 49, 46.76626, 109.28738 },
{ 39, 9, 49, 46.76626, 109.28738 },
{ 39, 8, 49, 46.76626, 109.28738 },
{ 39, 10, 49, 46.76626, 109.28738 },
{ 39, 4, 49, 46.76626, 109.28738 },
{ 39, 12, 49, 46.76626, 109.28738 },
{ 39, 18, 49, 46.76626, 109.28738 },
{ 39, 19, 49, 46.76626, 109.28738 },
{ 39, 17, 49, 46.76626, 109.28738 },
{ 39, 7, 49, 46.76626, 109.28738 },
{ 39, 26, 49, 46.76626, 109.28738 },
{ 14, 39, 44, 48.51972, 111.20808 },
{ 21, 39, 44, 48.51972, 111.20808 },
{ 11, 39, 44, 48.51972, 111.20808 },
{ 2, 39, 44, 48.51972, 111.20808 },
{ 1, 39, 44, 48.51972, 111.20808 },
{ 13, 39, 44, 48.51972, 111.20808 },
{ 3, 39, 44, 48.51972, 111.20808 },
{ 5, 39, 44, 48.51972, 111.20808 },
{ 23, 39, 44, 48.51972, 111.20808 },
{ 0, 39, 44, 48.51972, 111.20808 },
{ 6, 39, 44, 48.51972, 111.20808 },
{ 9, 39, 44, 48.51972, 111.20808 },
{ 8, 39, 44, 48.51972, 111.20808 },
{ 10, 39, 44, 48.51972, 111.20808 },
{ 4, 39, 44, 48.51972, 111.20808 },
{ 12, 39, 44, 48.51972, 111.20808 },
{ 15, 39, 44, 48.51972, 111.20808 },
{ 16, 39, 44, 48.51972, 111.20808 },
{ 28, 16, 44, 48.51972, 111.20808 },
{ 18, 39, 44, 48.51972, 111.20808 },
{ 19, 39, 44, 48.51972, 111.20808 },
{ 17, 39, 44, 48.51972, 111.20808 },
{ 20, 39, 44, 48.51972, 111.20808 },
{ 7, 39, 44, 48.51972, 111.20808 },
{ 26, 39, 44, 48.51972, 111.20808 },
{ 39, 1, 44, 48.51972, 111.20808 },
{ 39, 15, 44, 48.51972, 111.20808 },
{ 39, 16, 44, 48.51972, 111.20808 },
{ 39, 20, 44, 48.51972, 111.20808 },
{ 14, 39, 51, 50.10991, 109.82101 },
{ 11, 39, 51, 50.10991, 109.82101 },
{ 2, 39, 51, 50.10991, 109.82101 },
{ 1, 39, 51, 50.10991, 109.82101 },
{ 13, 39, 51, 50.10991, 109.82101 },
{ 3, 39, 51, 50.10991, 109.82101 },
{ 5, 39, 51, 50.10991, 109.82101 },
{ 23, 39, 51, 50.10991, 109.82101 },
{ 0, 39, 51, 50.10991, 109.82101 },
{ 6, 39, 51, 50.10991, 109.82101 },
{ 9, 39, 51, 50.10991, 109.82101 },
{ 8, 39, 51, 50.10991, 109.82101 },
{ 10, 39, 51, 50.10991, 109.82101 },
{ 4, 39, 51, 50.10991, 109.82101 },
{ 12, 39, 51, 50.10991, 109.82101 },
{ 15, 39, 51, 50.10991, 109.82101 },
{ 16, 39, 51, 50.10991, 109.82101 },
{ 18, 39, 51, 50.10991, 109.82101 },
{ 19, 39, 51, 50.10991, 109.82101 },
{ 17, 39, 51, 50.10991, 109.82101 },
{ 28, 16, 67, 50.27076, 109.85953 },
{ 39, 15, 67, 50.27076, 109.85953 },
{ 39, 16, 67, 50.27076, 109.85953 },
{ 10, 39, 71, 50.08307, 114.45636 },
{ 39, 1, 72, 49.67688, 109.26451 },
{ 39, 20, 72, 49.67688, 109.26451 },
{ 31, 4, 39, 62.84255, 112.57229 },
{ 31, 19, 39, 62.84255, 112.57229 },
{ 14, 39, 58, 79.87291, 110.50135 },
{ 21, 39, 58, 79.87291, 110.50135 },
{ 11, 39, 58, 79.87291, 110.50135 },
{ 2, 39, 58, 79.87291, 110.50135 },
{ 1, 39, 58, 79.87291, 110.50135 },
{ 13, 39, 58, 79.87291, 110.50135 },
{ 3, 39, 58, 79.87291, 110.50135 },
{ 5, 39, 58, 79.87291, 110.50135 },
{ 23, 39, 58, 79.87291, 110.50135 },
{ 0, 39, 58, 79.87291, 110.50135 },
{ 6, 39, 58, 79.87291, 110.50135 },
{ 9, 39, 58, 79.87291, 110.50135 },
{ 8, 39, 58, 79.87291, 110.50135 },
{ 10, 39, 58, 79.87291, 110.50135 },
{ 4, 39, 58, 79.87291, 110.50135 },
{ 12, 39, 58, 79.87291, 110.50135 },
{ 15, 39, 58, 79.87291, 110.50135 },
{ 16, 39, 58, 79.87291, 110.50135 },
{ 18, 39, 58, 79.87291, 110.50135 },
{ 19, 39, 58, 79.87291, 110.50135 },
{ 17, 39, 58, 79.87291, 110.50135 },
{ 20, 39, 58, 79.87291, 110.50135 },
{ 7, 39, 58, 79.87291, 110.50135 },
{ 26, 39, 58, 79.87291, 110.50135 },
{ 14, 39, 61, 79.97299, 111.33933 },
{ 11, 39, 61, 79.97299, 111.33933 },
{ 2, 39, 61, 79.97299, 111.33933 },
{ 1, 39, 61, 79.97299, 111.33933 },
{ 13, 39, 61, 79.97299, 111.33933 },
{ 3, 39, 61, 79.97299, 111.33933 },
{ 5, 39, 61, 79.97299, 111.33933 },
{ 23, 39, 61, 79.97299, 111.33933 },
{ 0, 39, 61, 79.97299, 111.33933 },
{ 6, 39, 61, 79.97299, 111.33933 },
{ 9, 39, 61, 79.97299, 111.33933 },
{ 8, 39, 61, 79.97299, 111.33933 },
{ 10, 39, 61, 79.97299, 111.33933 },
{ 4, 39, 61, 79.97299, 111.33933 },
{ 12, 39, 61, 79.97299, 111.33933 },
{ 15, 39, 61, 79.97299, 111.33933 },
{ 16, 39, 61, 79.97299, 111.33933 },
{ 18, 39, 61, 79.97299, 111.33933 },
{ 19, 39, 61, 79.97299, 111.33933 },
{ 17, 39, 61, 79.97299, 111.33933 },
{ 30, 18, 39, 62.83997, 115.0091 },
{ 30, 18, 49, 49.89141, 109.86168 },
{ 5, 33, 62, 70.60069, 118.47802 },
{ 0, 33, 62, 70.60069, 118.47802 },
{ 5, 33, 40, 69.26029, 120.91483 },
{ 23, 33, 63, 69.95593, 120.05221 },
{ 23, 33, 41, 69.27568, 120.78232 },
{ 0, 33, 41, 69.27568, 120.78232 },
{ 18, 30, 32, 69.90456, 128.41639 },
{ 18, 30, 41, 69.92942, 124.96215 },
{ 15, 67, 50, 54.93909, 107.61005 },
{ 16, 67, 50, 54.93909, 107.61005 },
{ 1, 72, 52, 43.11548, 95.70535 },
